{
  "advancedEditorSelectedIdentifier" : "StatisticsPluginID",
  "openSceneRelativePaths" : [
    "enemy.usda"
  ],
  "recentIdentifiers" : {
    "4FABD446-4A32-4C34-8A97-0726B18F44BC" : [

    ],
    "16C54D1F-8DCA-4D9A-9828-BFC95777EAF5" : [

    ],
    "593C726E-1E26-4BE0-ACEC-2E94F27516FD" : [

    ],
    "BF059E7C-606E-40A6-B40E-C40A7678EE38" : [

    ]
  },
  "sceneCameraHistory" : {
    "0FE73DA4-74C1-4D3E-9EF6-8EBCB2FA8E9D" : [
      {
        "date" : 731265849.438441,
        "title" : "Untitled",
        "transform" : [
          0.99999994,
          0,
          -0,
          0,
          -0,
          0.8660254,
          -0.49999988,
          0,
          0,
          0.49999988,
          0.8660254,
          0,
          0.9725661,
          4.7406645,
          8.447407,
          1
        ]
      }
    ],
    "1CE5E6F6-1508-44F8-B0C0-5D879642084A" : [
      {
        "date" : 731014467.713598,
        "title" : "Untitled",
        "transform" : [
          1,
          0,
          0,
          0,
          0,
          0.7071069,
          -0.70710677,
          0,
          0,
          0.70710677,
          0.7071069,
          0,
          0,
          3.0329876,
          3.032988,
          1
        ]
      },
      {
        "date" : 731013931.700389,
        "title" : "Untitled",
        "transform" : [
          1,
          0,
          0,
          0,
          0,
          0.7071069,
          -0.70710677,
          0,
          0,
          0.70710677,
          0.7071069,
          0,
          0,
          3.4815068,
          3.4815075,
          1
        ]
      },
      {
        "date" : 731011398.700046,
        "title" : "Untitled",
        "transform" : [
          -0.2630222,
          -1.6777113e-08,
          0.9647897,
          0,
          0.7323181,
          0.65103894,
          0.19964558,
          0,
          -0.6281158,
          0.7590443,
          -0.17123774,
          0,
          -2.859794,
          3.6414392,
          -1.7957149,
          1
        ]
      },
      {
        "date" : 731011367.448748,
        "title" : "Untitled",
        "transform" : [
          -0.8300064,
          -5.6196434e-09,
          -0.55775374,
          0,
          0.018043084,
          0.99947655,
          -0.026850335,
          0,
          0.55746186,
          -0.032349493,
          -0.829572,
          0,
          3.6254108,
          0.25220633,
          -5.728502,
          1
        ]
      },
      {
        "date" : 731011292.480281,
        "title" : "Untitled",
        "transform" : [
          1,
          0,
          -0,
          0,
          -0,
          0.86677784,
          -0.49869445,
          0,
          0,
          0.49869445,
          0.86677784,
          0,
          0.18597929,
          3.7822175,
          5.6287823,
          1
        ]
      }
    ],
    "4FABD446-4A32-4C34-8A97-0726B18F44BC" : [
      {
        "date" : 731013856.491796,
        "title" : "Untitled",
        "transform" : [
          1,
          0,
          0,
          0,
          0,
          0.7071069,
          -0.70710677,
          0,
          0,
          0.70710677,
          0.7071069,
          0,
          0,
          3.25048,
          3.2504804,
          1
        ]
      },
      {
        "date" : 731013853.688504,
        "title" : "Untitled",
        "transform" : [
          1,
          0,
          0,
          0,
          0,
          0.7071069,
          -0.70710677,
          0,
          0,
          0.70710677,
          0.7071069,
          0,
          0,
          4.4769034,
          4.476904,
          1
        ]
      },
      {
        "date" : 731013846.154275,
        "title" : "Untitled",
        "transform" : [
          0.682744,
          -1.2642981e-06,
          0.73065764,
          0,
          0.22326317,
          0.9521716,
          -0.20862083,
          0,
          -0.69571126,
          0.3055636,
          0.65008986,
          0,
          -3.9016917,
          2.1082692,
          4.0669246,
          1
        ]
      },
      {
        "date" : 731013840.431206,
        "title" : "Untitled",
        "transform" : [
          0.73399276,
          8.479319e-09,
          0.6791572,
          0,
          0.26151124,
          0.92289466,
          -0.28262582,
          0,
          -0.6267905,
          0.38505256,
          0.67739797,
          0,
          -3.9016917,
          2.1082692,
          4.0669246,
          1
        ]
      },
      {
        "date" : 731013836.940403,
        "title" : "Untitled",
        "transform" : [
          0.73399276,
          8.479319e-09,
          0.6791572,
          0,
          0.26151124,
          0.92289466,
          -0.28262582,
          0,
          -0.6267905,
          0.38505256,
          0.67739797,
          0,
          -3.9016917,
          2.1082692,
          4.0669246,
          1
        ]
      },
      {
        "date" : 731013834.306053,
        "title" : "Untitled",
        "transform" : [
          0.73399276,
          8.4793195e-09,
          0.6791572,
          0,
          0.26151124,
          0.9228946,
          -0.28262582,
          0,
          -0.6267905,
          0.38505256,
          0.67739797,
          0,
          -3.9016917,
          2.1082692,
          4.0669246,
          1
        ]
      },
      {
        "date" : 731013830.911322,
        "title" : "Untitled",
        "transform" : [
          0.7339928,
          -2.0723974e-09,
          0.67915726,
          0,
          0.26151124,
          0.9228946,
          -0.28262582,
          0,
          -0.6267905,
          0.38505256,
          0.67739797,
          0,
          -3.9016917,
          2.1082692,
          4.0669246,
          1
        ]
      },
      {
        "date" : 731011744.536954,
        "title" : "Untitled",
        "transform" : [
          0.7339928,
          -2.0723974e-09,
          0.67915726,
          0,
          0.26151124,
          0.9228946,
          -0.28262582,
          0,
          -0.6267905,
          0.38505256,
          0.67739797,
          0,
          -3.9016917,
          2.1082692,
          4.0669246,
          1
        ]
      },
      {
        "date" : 731011741.956929,
        "title" : "Untitled",
        "transform" : [
          0.7339928,
          -2.0723974e-09,
          0.67915726,
          0,
          0.26151124,
          0.9228946,
          -0.28262582,
          0,
          -0.6267905,
          0.38505256,
          0.67739797,
          0,
          -3.980915,
          2.191327,
          3.9464083,
          1
        ]
      },
      {
        "date" : 731011739.031906,
        "title" : "Untitled",
        "transform" : [
          0.7339928,
          -2.0723974e-09,
          0.67915726,
          0,
          0.26151124,
          0.9228946,
          -0.28262582,
          0,
          -0.6267905,
          0.38505256,
          0.67739797,
          0,
          -3.9033897,
          2.2836175,
          3.9656818,
          1
        ]
      }
    ],
    "7CA95833-8420-4A04-BFA5-167644E02B65" : [
      {
        "date" : 731014465.234938,
        "title" : "Untitled",
        "transform" : [
          1,
          0,
          0,
          0,
          0,
          0.7071069,
          -0.70710677,
          0,
          0,
          0.70710677,
          0.7071069,
          0,
          -0.616795,
          2.804604,
          3.344563,
          1
        ]
      },
      {
        "date" : 731013902.750336,
        "title" : "Untitled",
        "transform" : [
          1,
          0,
          0,
          0,
          0,
          0.7071069,
          -0.70710677,
          0,
          0,
          0.70710677,
          0.7071069,
          0,
          0,
          3.559858,
          3.5598588,
          1
        ]
      },
      {
        "date" : 731011352.452909,
        "title" : "Untitled",
        "transform" : [
          0.99999994,
          0,
          -0,
          0,
          -0,
          0.8653468,
          -0.5011735,
          0,
          0,
          0.5011735,
          0.8653468,
          0,
          0.18598248,
          3.8040984,
          7.609527,
          1
        ]
      }
    ],
    "12FF7141-D273-4FDB-89D6-0836C981EB5C" : [
      {
        "date" : 731014473.303836,
        "title" : "Untitled",
        "transform" : [
          1,
          0,
          0,
          0,
          0,
          0.7071069,
          -0.70710677,
          0,
          0,
          0.70710677,
          0.7071069,
          0,
          1.6161749,
          2.6793797,
          2.6914973,
          1
        ]
      },
      {
        "date" : 731011280.649085,
        "title" : "Untitled",
        "transform" : [
          1,
          0,
          -0,
          0,
          -0,
          0.8653479,
          -0.5011716,
          0,
          0,
          0.5011716,
          0.8653479,
          0,
          -0.18598242,
          3.862309,
          7.6096406,
          1
        ]
      }
    ],
    "16C54D1F-8DCA-4D9A-9828-BFC95777EAF5" : [
      {
        "date" : 730455956.719164,
        "title" : "Untitled",
        "transform" : [
          0.25159666,
          -2.4418994e-06,
          0.9678321,
          0,
          0.5419226,
          0.8285372,
          -0.14087556,
          0,
          -0.8018846,
          0.55993396,
          0.20845851,
          0,
          -6.5738134,
          4.590307,
          1.7089319,
          1
        ]
      },
      {
        "date" : 730455949.368644,
        "title" : "Untitled",
        "transform" : [
          1,
          0,
          0,
          0,
          0,
          0.7071069,
          -0.70710677,
          0,
          0,
          0.70710677,
          0.7071069,
          0,
          0,
          5.796827,
          5.796827,
          1
        ]
      },
      {
        "date" : 730455891.955721,
        "title" : "Untitled",
        "transform" : [
          0,
          0,
          0,
          0,
          0,
          0,
          0,
          0,
          0,
          0,
          0,
          0,
          0,
          0,
          0,
          1
        ]
      },
      {
        "date" : 730455889.806652,
        "title" : "Untitled",
        "transform" : [
          0,
          0,
          0,
          0,
          0,
          0,
          0,
          0,
          0,
          0,
          0,
          0,
          0,
          0,
          0,
          1
        ]
      },
      {
        "date" : 730455887.806338,
        "title" : "Untitled",
        "transform" : [
          0,
          0,
          0,
          0,
          0,
          0,
          0,
          0,
          0,
          0,
          0,
          0,
          0,
          0,
          0,
          1
        ]
      },
      {
        "date" : 730455852.94785,
        "title" : "Untitled",
        "transform" : [
          0,
          0,
          0,
          0,
          0,
          0,
          0,
          0,
          0,
          0,
          0,
          0,
          0,
          0,
          0,
          1
        ]
      },
      {
        "date" : 730455849.906161,
        "title" : "Untitled",
        "transform" : [
          0,
          0,
          0,
          0,
          0,
          0,
          0,
          0,
          0,
          0,
          0,
          0,
          0,
          0,
          0,
          0
        ]
      },
      {
        "date" : 730455828.298376,
        "title" : "Untitled",
        "transform" : [
          0,
          0,
          0,
          0,
          0,
          0,
          0,
          0,
          0,
          0,
          0,
          0,
          0,
          0,
          0,
          1
        ]
      },
      {
        "date" : 730455824.562497,
        "title" : "Untitled",
        "transform" : [
          0,
          0,
          0,
          0,
          0,
          0,
          0,
          0,
          0,
          0,
          0,
          0,
          0,
          0,
          0,
          0
        ]
      },
      {
        "date" : 730220112.271676,
        "title" : "Untitled",
        "transform" : [
          0,
          0,
          0,
          0,
          0,
          0,
          0,
          0,
          0,
          0,
          0,
          0,
          0,
          0,
          0,
          0
        ]
      }
    ],
    "16C7871D-B241-4761-8A83-0193FD2E625B" : [
      {
        "date" : 731014461.266059,
        "title" : "Untitled",
        "transform" : [
          1,
          0,
          0,
          0,
          0,
          0.7071069,
          -0.70710677,
          0,
          0,
          0.70710677,
          0.7071069,
          0,
          -1.1156178,
          2.088787,
          2.4909356,
          1
        ]
      },
      {
        "date" : 731014458.971339,
        "title" : "Untitled",
        "transform" : [
          1,
          0,
          0,
          0,
          0,
          0.7071069,
          -0.70710677,
          0,
          0,
          0.70710677,
          0.7071069,
          0,
          0,
          2.2898612,
          2.2898617,
          1
        ]
      },
      {
        "date" : 731014096.883644,
        "title" : "Untitled",
        "transform" : [
          1,
          0,
          0,
          0,
          0,
          0.7071069,
          -0.70710677,
          0,
          0,
          0.70710677,
          0.7071069,
          0,
          0,
          2.049839,
          2.049839,
          1
        ]
      },
      {
        "date" : 731012851.284605,
        "title" : "Untitled",
        "transform" : [
          -0.4786495,
          8.5471665e-09,
          0.87800604,
          0,
          0.37335703,
          0.90508395,
          0.2035376,
          0,
          -0.7946692,
          0.425233,
          -0.43321803,
          0,
          -2.341343,
          0.635339,
          -1.8492444,
          1
        ]
      },
      {
        "date" : 731012846.121341,
        "title" : "Untitled",
        "transform" : [
          -0.4780346,
          5.9727103e-09,
          0.87834096,
          0,
          0.28371662,
          0.9463941,
          0.15441205,
          0,
          -0.8312567,
          0.32301432,
          -0.45240918,
          0,
          -2.4164414,
          0.35885984,
          -1.8881544,
          1
        ]
      },
      {
        "date" : 731012843.688267,
        "title" : "Untitled",
        "transform" : [
          -0.4780346,
          5.9727103e-09,
          0.87834096,
          0,
          0.28371662,
          0.9463941,
          0.15441205,
          0,
          -0.8312567,
          0.32301432,
          -0.45240918,
          0,
          -6.6522074,
          1.5368483,
          -4.098521,
          1
        ]
      },
      {
        "date" : 731012836.951989,
        "title" : "Untitled",
        "transform" : [
          -0.5595944,
          -1.8321522e-09,
          0.8287666,
          0,
          0.44000608,
          0.84742403,
          0.29709807,
          0,
          -0.70231676,
          0.5309168,
          -0.47421372,
          0,
          -5.796372,
          3.1640081,
          -4.362368,
          1
        ]
      },
      {
        "date" : 731010767.327367,
        "title" : "Untitled",
        "transform" : [
          -0.34838268,
          -4.0094883e-10,
          0.93735236,
          0,
          0.37762222,
          0.91526145,
          0.14034963,
          0,
          -0.85792243,
          0.4028604,
          -0.31886125,
          0,
          -7.018947,
          2.083637,
          -3.0053236,
          1
        ]
      },
      {
        "date" : 731009939.78491,
        "title" : "Untitled",
        "transform" : [
          -0.011334696,
          6.963427e-11,
          0.99993575,
          0,
          0.30496523,
          0.95235723,
          0.003456911,
          0,
          -0.952296,
          0.30498475,
          -0.010794681,
          0,
          -7.797534,
          1.2750819,
          -0.4601798,
          1
        ]
      },
      {
        "date" : 731009908.286032,
        "title" : "Untitled",
        "transform" : [
          -0.011334696,
          6.963427e-11,
          0.99993575,
          0,
          0.30496523,
          0.95235723,
          0.003456911,
          0,
          -0.952296,
          0.30498475,
          -0.010794681,
          0,
          -7.2534194,
          2.9686568,
          -0.6124848,
          1
        ]
      }
    ],
    "36DB7FC7-E314-4F25-B712-699763708147" : [
      {
        "date" : 731265849.424559,
        "title" : "Untitled",
        "transform" : [
          0.99999994,
          0,
          -0,
          0,
          -0,
          0.8661204,
          -0.4998355,
          0,
          0,
          0.4998355,
          0.8661204,
          0,
          0,
          0.24880649,
          0.39951575,
          1
        ]
      }
    ],
    "74E73987-D2E9-4784-B9FE-1B544BA26FCA" : [
      {
        "date" : 731265849.430071,
        "title" : "Untitled",
        "transform" : [
          1,
          0,
          -0,
          0,
          -0,
          0.8660258,
          -0.4999994,
          0,
          0,
          0.4999994,
          0.8660258,
          0,
          0.97027916,
          3.834179,
          6.776621,
          1
        ]
      }
    ],
    "310B934E-1FD0-4571-8AD9-F80E2B4667EE" : [
      {
        "date" : 731265915.483405,
        "title" : "Untitled",
        "transform" : [
          0.99999994,
          0,
          -0,
          0,
          -0,
          0.8660254,
          -0.49999994,
          0,
          0,
          0.49999994,
          0.8660254,
          0,
          0,
          0.191229,
          0.3312184,
          1
        ]
      }
    ],
    "593C726E-1E26-4BE0-ACEC-2E94F27516FD" : [
      {
        "date" : 731322631.269538,
        "title" : "Untitled",
        "transform" : [
          1,
          0,
          0,
          0,
          0,
          0.7071069,
          -0.70710677,
          0,
          0,
          0.70710677,
          0.7071069,
          0,
          0,
          0.42824772,
          0.42824763,
          1
        ]
      },
      {
        "date" : 731322564.739194,
        "title" : "Untitled",
        "transform" : [
          1,
          0,
          0,
          0,
          0,
          0.7071069,
          -0.70710677,
          0,
          0,
          0.70710677,
          0.7071069,
          0,
          0,
          0.5026986,
          0.5026985,
          1
        ]
      },
      {
        "date" : 731322559.606807,
        "title" : "Untitled",
        "transform" : [
          0.94934005,
          4.455089e-09,
          -0.31425056,
          0,
          -0.16298279,
          0.8549929,
          -0.49236533,
          0,
          0.268682,
          0.51863956,
          0.811679,
          0,
          0.2174837,
          0.3577162,
          0.6201595,
          1
        ]
      },
      {
        "date" : 731267264.818732,
        "title" : "Untitled",
        "transform" : [
          1,
          0,
          0,
          0,
          0,
          0.7071069,
          -0.70710677,
          0,
          0,
          0.70710677,
          0.7071069,
          0,
          0.01108601,
          0.50361925,
          0.55326694,
          1
        ]
      },
      {
        "date" : 731267059.95427,
        "title" : "Untitled",
        "transform" : [
          1,
          0,
          0,
          0,
          0,
          0.7071069,
          -0.70710677,
          0,
          0,
          0.70710677,
          0.7071069,
          0,
          0.008999944,
          0.4088527,
          0.4491581,
          1
        ]
      },
      {
        "date" : 731266986.813173,
        "title" : "Untitled",
        "transform" : [
          1,
          0,
          0,
          0,
          0,
          0.7071069,
          -0.70710677,
          0,
          0,
          0.70710677,
          0.7071069,
          0,
          0.007207815,
          0.32743925,
          0.35971877,
          1
        ]
      },
      {
        "date" : 731266865.340217,
        "title" : "Untitled",
        "transform" : [
          1,
          0,
          0,
          0,
          0,
          0.7071069,
          -0.70710677,
          0,
          0,
          0.70710677,
          0.7071069,
          0,
          0.011752008,
          0.5338745,
          0.58650476,
          1
        ]
      },
      {
        "date" : 731266782.790976,
        "title" : "Untitled",
        "transform" : [
          1,
          0,
          0,
          0,
          0,
          0.7071069,
          -0.70710677,
          0,
          0,
          0.70710677,
          0.7071069,
          0,
          0.016778648,
          0.76222646,
          0.837368,
          1
        ]
      },
      {
        "date" : 731266719.267326,
        "title" : "Untitled",
        "transform" : [
          1,
          0,
          0,
          0,
          0,
          0.7071069,
          -0.70710677,
          0,
          0,
          0.70710677,
          0.7071069,
          0,
          0.012867028,
          0.584528,
          0.6421518,
          1
        ]
      },
      {
        "date" : 731266709.798887,
        "title" : "Untitled",
        "transform" : [
          1,
          0,
          0,
          0,
          0,
          0.7071069,
          -0.70710677,
          0,
          0,
          0.70710677,
          0.7071069,
          0,
          0.021887325,
          0.9943053,
          1.0923256,
          1
        ]
      }
    ],
    "953A3637-D13B-4F23-BE77-478CF5EE0FB9" : [
      {
        "date" : 731265849.44226,
        "title" : "Untitled",
        "transform" : [
          1,
          0,
          -0,
          0,
          -0,
          0.8660253,
          -0.50000006,
          0,
          0,
          0.50000006,
          0.8660253,
          0,
          -0.97256607,
          4.798799,
          8.447388,
          1
        ]
      }
    ],
    "7636FB1E-2305-4941-BF41-0855193F7CD2" : [
      {
        "date" : 730215464.645083,
        "title" : "Untitled",
        "transform" : [
          1,
          0,
          -0,
          0,
          -0,
          0.87696445,
          -0.48055527,
          0,
          0,
          0.48055527,
          0.87696445,
          0,
          -0.0018068773,
          9.103901,
          15.78614,
          1
        ]
      }
    ],
    "2447052A-7F70-4FB1-98E2-4018BA7030E3" : [
      {
        "date" : 731265849.43397,
        "title" : "Untitled",
        "transform" : [
          1,
          0,
          -0,
          0,
          -0,
          0.8660253,
          -0.5000001,
          0,
          0,
          0.5000001,
          0.8660253,
          0,
          -0.9702791,
          4.7406154,
          8.447325,
          1
        ]
      }
    ],
    "BF059E7C-606E-40A6-B40E-C40A7678EE38" : [
      {
        "date" : 730221567.03103,
        "title" : "Untitled",
        "transform" : [
          -0.004490059,
          -0.00058537186,
          0.99998975,
          0,
          0.49613717,
          0.86823976,
          0.0027359563,
          0,
          -0.8682325,
          0.49614438,
          -0.003608023,
          0,
          -4.5035334,
          1.026813,
          -0.42229155,
          1
        ]
      },
      {
        "date" : 730221546.370784,
        "title" : "Untitled",
        "transform" : [
          -0.004490059,
          -0.00058537186,
          0.99998975,
          0,
          0.49613717,
          0.86823976,
          0.0027359563,
          0,
          -0.8682325,
          0.49614438,
          -0.003608023,
          0,
          -4.771266,
          0.55994654,
          -0.19480348,
          1
        ]
      },
      {
        "date" : 730221538.718096,
        "title" : "Untitled",
        "transform" : [
          0.020092944,
          1.2023531e-08,
          0.9997981,
          0,
          0.4105461,
          0.91180253,
          -0.008250775,
          0,
          -0.9116184,
          0.41062897,
          0.0183208,
          0,
          -6.24117,
          2.0347347,
          -0.9891907,
          1
        ]
      },
      {
        "date" : 730221532.898041,
        "title" : "Untitled",
        "transform" : [
          0.020092944,
          1.2023531e-08,
          0.9997981,
          0,
          0.4105461,
          0.91180253,
          -0.008250775,
          0,
          -0.9116184,
          0.41062897,
          0.0183208,
          0,
          -4.640088,
          0.77851796,
          0.11313093,
          1
        ]
      },
      {
        "date" : 730221520.066271,
        "title" : "Untitled",
        "transform" : [
          0.020092944,
          1.2023531e-08,
          0.9997981,
          0,
          0.4105461,
          0.91180253,
          -0.008250775,
          0,
          -0.9116184,
          0.41062897,
          0.0183208,
          0,
          -4.7450056,
          0.57294536,
          -0.49982393,
          1
        ]
      },
      {
        "date" : 730221518.521463,
        "title" : "Untitled",
        "transform" : [
          0.020092944,
          1.2023531e-08,
          0.9997981,
          0,
          0.4105461,
          0.91180253,
          -0.008250775,
          0,
          -0.9116184,
          0.41062897,
          0.0183208,
          0,
          -3.6472652,
          0.35838917,
          -0.584026,
          1
        ]
      },
      {
        "date" : 730221517.162145,
        "title" : "Untitled",
        "transform" : [
          0.020092944,
          1.2023531e-08,
          0.9997981,
          0,
          0.4105461,
          0.91180253,
          -0.008250775,
          0,
          -0.9116184,
          0.41062897,
          0.0183208,
          0,
          -2.4870474,
          0.24906324,
          -0.109711796,
          1
        ]
      },
      {
        "date" : 730221503.604111,
        "title" : "Untitled",
        "transform" : [
          0.020092944,
          1.2023531e-08,
          0.9997981,
          0,
          0.4105461,
          0.91180253,
          -0.008250775,
          0,
          -0.9116184,
          0.41062897,
          0.0183208,
          0,
          -4.432235,
          0.43235594,
          -0.9049333,
          1
        ]
      },
      {
        "date" : 730221477.977301,
        "title" : "Untitled",
        "transform" : [
          0.020092944,
          1.2023531e-08,
          0.9997981,
          0,
          0.4105461,
          0.91180253,
          -0.008250775,
          0,
          -0.9116184,
          0.41062897,
          0.0183208,
          0,
          -11.4332285,
          1.9283942,
          1.3711464,
          1
        ]
      },
      {
        "date" : 730221449.753079,
        "title" : "Untitled",
        "transform" : [
          0.020092944,
          1.2023531e-08,
          0.9997981,
          0,
          0.4105461,
          0.91180253,
          -0.008250775,
          0,
          -0.9116184,
          0.41062897,
          0.0183208,
          0,
          -5.426207,
          0.9152154,
          -1.1939511,
          1
        ]
      }
    ]
  },
  "selectedSceneRelativePath" : "enemy.usda"
}