{
  "advancedEditorSelectedIdentifier" : "ProjectBrowser",
  "openSceneRelativePaths" : [
    "duckEntity.usda",
    "Strate.usda"
  ],
  "recentIdentifiers" : {
    "2C99BF58-1D1A-41C9-AF75-88E1FECEF878" : [

    ],
    "24EEB4BA-7DCC-49D6-B06D-DEDD602F725C" : [

    ],
    "36DB7FC7-E314-4F25-B712-699763708147" : [

    ],
    "8153C497-3958-4103-B4B6-C5D83DB897C2" : [

    ],
    "B957C93D-DE6F-42BA-A320-884E34385DA5" : [

    ]
  },
  "sceneCameraHistory" : {
    "2C99BF58-1D1A-41C9-AF75-88E1FECEF878" : [
      {
        "date" : 730222441.832322,
        "title" : "Untitled",
        "transform" : [
          0.9984478,
          -9.782551e-10,
          0.055695098,
          0,
          0.014634633,
          0.96486044,
          -0.26235518,
          0,
          -0.053738046,
          0.26276302,
          0.96336275,
          0,
          -2.7288513,
          1.8682135,
          -3.8727012,
          1
        ]
      },
      {
        "date" : 730140288.048605,
        "title" : "Untitled",
        "transform" : [
          0.9984478,
          -9.782551e-10,
          0.055695098,
          0,
          0.014634633,
          0.96486044,
          -0.26235518,
          0,
          -0.053738046,
          0.26276302,
          0.96336275,
          0,
          -2.4972842,
          1.8399601,
          -4.083937,
          1
        ]
      },
      {
        "date" : 730140279.481526,
        "title" : "Untitled",
        "transform" : [
          0.9984478,
          -9.782551e-10,
          0.055695098,
          0,
          0.014634633,
          0.96486044,
          -0.26235518,
          0,
          -0.053738046,
          0.26276302,
          0.96336275,
          0,
          -2.2769868,
          1.9287853,
          -3.8208175,
          1
        ]
      },
      {
        "date" : 730140033.723988,
        "title" : "Untitled",
        "transform" : [
          0.9984478,
          -9.782551e-10,
          0.055695098,
          0,
          0.014634633,
          0.96486044,
          -0.26235518,
          0,
          -0.053738046,
          0.26276302,
          0.96336275,
          0,
          -2.9222581,
          2.610216,
          -2.5068731,
          1
        ]
      },
      {
        "date" : 730050982.327431,
        "title" : "Untitled",
        "transform" : [
          0.9984478,
          -9.782551e-10,
          0.055695098,
          0,
          0.014634633,
          0.96486044,
          -0.26235518,
          0,
          -0.053738046,
          0.26276302,
          0.96336275,
          0,
          -2.4689662,
          3.4129398,
          -2.7005358,
          1
        ]
      },
      {
        "date" : 730050980.195268,
        "title" : "Untitled",
        "transform" : [
          0.9984478,
          -9.782551e-10,
          0.055695098,
          0,
          0.014634633,
          0.96486044,
          -0.26235518,
          0,
          -0.053738046,
          0.26276302,
          0.96336275,
          0,
          -2.9101472,
          2.648299,
          -2.5165849,
          1
        ]
      },
      {
        "date" : 730050965.088223,
        "title" : "Untitled",
        "transform" : [
          0.9984478,
          -9.782551e-10,
          0.055695098,
          0,
          0.014634633,
          0.96486044,
          -0.26235518,
          0,
          -0.053738046,
          0.26276302,
          0.96336275,
          0,
          -1.7572212,
          3.270749,
          -5.125,
          1
        ]
      },
      {
        "date" : 730050962.87999,
        "title" : "Untitled",
        "transform" : [
          0.9984478,
          -9.782551e-10,
          0.055695098,
          0,
          0.014634633,
          0.96486044,
          -0.26235518,
          0,
          -0.053738046,
          0.26276302,
          0.96336275,
          0,
          -1.7838435,
          3.7515097,
          -5.2576156,
          1
        ]
      },
      {
        "date" : 730050875.305517,
        "title" : "Untitled",
        "transform" : [
          0.9984478,
          -9.782551e-10,
          0.055695098,
          0,
          0.014634633,
          0.96486044,
          -0.26235518,
          0,
          -0.053738046,
          0.26276302,
          0.96336275,
          0,
          -2.840959,
          4.040572,
          -1.6920042,
          1
        ]
      },
      {
        "date" : 730050240.001851,
        "title" : "Untitled",
        "transform" : [
          0.9984478,
          -9.782551e-10,
          0.055695098,
          0,
          0.014634633,
          0.96486044,
          -0.26235518,
          0,
          -0.053738046,
          0.26276302,
          0.96336275,
          0,
          -3.2970738,
          3.0380716,
          -1.4440098,
          1
        ]
      }
    ],
    "24EEB4BA-7DCC-49D6-B06D-DEDD602F725C" : [
      {
        "date" : 730393925.891481,
        "title" : "Untitled",
        "transform" : [
          0.153595,
          3.5433185e-09,
          0.9881339,
          0,
          0.33771163,
          0.93978465,
          -0.052493725,
          0,
          -0.92863315,
          0.341767,
          0.14434622,
          0,
          -3.0110717,
          0.22653624,
          2.279529,
          1
        ]
      },
      {
        "date" : 730393920.317775,
        "title" : "Untitled",
        "transform" : [
          0.153595,
          3.5433185e-09,
          0.9881339,
          0,
          0.33771163,
          0.93978465,
          -0.052493725,
          0,
          -0.92863315,
          0.341767,
          0.14434622,
          0,
          -1.8818146,
          -0.18906683,
          2.1039987,
          1
        ]
      },
      {
        "date" : 730393914.408482,
        "title" : "Untitled",
        "transform" : [
          0.153595,
          3.5433185e-09,
          0.9881339,
          0,
          0.33771163,
          0.93978465,
          -0.052493725,
          0,
          -0.92863315,
          0.341767,
          0.14434622,
          0,
          -1.3631475,
          -0.37995312,
          2.0233774,
          1
        ]
      },
      {
        "date" : 730393898.925688,
        "title" : "Untitled",
        "transform" : [
          0.153595,
          3.5433185e-09,
          0.9881339,
          0,
          0.33771163,
          0.93978465,
          -0.052493725,
          0,
          -0.92863315,
          0.341767,
          0.14434622,
          0,
          -1.700782,
          -0.24779631,
          2.0022635,
          1
        ]
      },
      {
        "date" : 730393893.359778,
        "title" : "Untitled",
        "transform" : [
          0.153595,
          3.5433185e-09,
          0.9881339,
          0,
          0.33771163,
          0.93978465,
          -0.052493725,
          0,
          -0.92863315,
          0.341767,
          0.14434622,
          0,
          -2.2868876,
          0.18509004,
          2.1273677,
          1
        ]
      },
      {
        "date" : 730393888.209764,
        "title" : "Untitled",
        "transform" : [
          0.153595,
          3.5433185e-09,
          0.9881339,
          0,
          0.33771163,
          0.93978465,
          -0.052493725,
          0,
          -0.92863315,
          0.341767,
          0.14434622,
          0,
          -2.2065856,
          0.17859076,
          2.0526671,
          1
        ]
      },
      {
        "date" : 730393880.200538,
        "title" : "Untitled",
        "transform" : [
          0.153595,
          3.5433185e-09,
          0.9881339,
          0,
          0.33771163,
          0.93978465,
          -0.052493725,
          0,
          -0.92863315,
          0.341767,
          0.14434622,
          0,
          -2.086745,
          0.09028673,
          2.0053859,
          1
        ]
      },
      {
        "date" : 730393865.148622,
        "title" : "Untitled",
        "transform" : [
          0.153595,
          3.5433185e-09,
          0.9881339,
          0,
          0.33771163,
          0.93978465,
          -0.052493725,
          0,
          -0.92863315,
          0.341767,
          0.14434622,
          0,
          -5.5345874,
          1.5871952,
          0.9858251,
          1
        ]
      },
      {
        "date" : 730393846.426748,
        "title" : "Untitled",
        "transform" : [
          0.9763721,
          4.2068606e-09,
          0.21609624,
          0,
          0.121496245,
          0.82697946,
          -0.5489478,
          0,
          -0.17870717,
          0.5622321,
          0.80743974,
          0,
          -0.34620193,
          0.6527206,
          1.5953541,
          1
        ]
      },
      {
        "date" : 729961644.293054,
        "title" : "Untitled",
        "transform" : [
          0.99980646,
          4.712908e-09,
          0.019675419,
          0,
          0.007020563,
          0.93417346,
          -0.35675028,
          0,
          -0.018380232,
          0.35681924,
          0.9339927,
          0,
          -0.027486172,
          0.25950265,
          1.7386653,
          1
        ]
      }
    ],
    "36DB7FC7-E314-4F25-B712-699763708147" : [
      {
        "date" : 730736267.56392,
        "title" : "Untitled",
        "transform" : [
          0.99129903,
          -3.4439815e-08,
          -0.13162945,
          0,
          -0.05946677,
          0.8921323,
          -0.44784334,
          0,
          0.117430925,
          0.45177424,
          0.8843699,
          0,
          0.49741143,
          0.722801,
          1.5786315,
          1
        ]
      },
      {
        "date" : 730736245.955723,
        "title" : "Untitled",
        "transform" : [
          0.99129903,
          -3.4439815e-08,
          -0.13162945,
          0,
          -0.05946677,
          0.8921323,
          -0.44784334,
          0,
          0.117430925,
          0.45177424,
          0.8843699,
          0,
          2.6246586,
          4.169259,
          13.824867,
          1
        ]
      },
      {
        "date" : 730736243.771546,
        "title" : "Untitled",
        "transform" : [
          0.99129903,
          -3.4439815e-08,
          -0.13162945,
          0,
          -0.05946677,
          0.8921323,
          -0.44784334,
          0,
          0.117430925,
          0.45177424,
          0.8843699,
          0,
          7.954631,
          3.5306213,
          13.443373,
          1
        ]
      },
      {
        "date" : 730736228.524151,
        "title" : "Untitled",
        "transform" : [
          0.99129903,
          -3.4439815e-08,
          -0.13162945,
          0,
          -0.05946677,
          0.8921323,
          -0.44784334,
          0,
          0.117430925,
          0.45177424,
          0.8843699,
          0,
          0.17404138,
          0.2959292,
          0.4949938,
          1
        ]
      },
      {
        "date" : 730736220.400633,
        "title" : "Untitled",
        "transform" : [
          0.96810365,
          -3.4389576e-08,
          0.2505502,
          0,
          0.027783424,
          0.9938328,
          -0.107352555,
          0,
          -0.24900493,
          0.11088951,
          0.96213305,
          0,
          -0.042548236,
          0.09741564,
          0.5929445,
          1
        ]
      },
      {
        "date" : 730736164.059655,
        "title" : "Untitled",
        "transform" : [
          0.98337585,
          -3.6628997e-08,
          -0.18158208,
          0,
          -0.076698236,
          0.90641475,
          -0.4153671,
          0,
          0.16458873,
          0.42238894,
          0.8913463,
          0,
          0.20055176,
          0.2789931,
          0.49479815,
          1
        ]
      },
      {
        "date" : 730736138.566284,
        "title" : "Untitled",
        "transform" : [
          -0.77668166,
          -3.7471246e-08,
          0.6298932,
          0,
          0.035890914,
          0.9983754,
          0.04425489,
          0,
          -0.62886983,
          0.0569794,
          -0.77541983,
          0,
          -0.32610008,
          0.05402138,
          -0.23163404,
          1
        ]
      },
      {
        "date" : 730736122.8351,
        "title" : "Untitled",
        "transform" : [
          -0.9980897,
          -3.6950865e-08,
          0.06178129,
          0,
          0.00165672,
          0.9996404,
          0.026765313,
          0,
          -0.061759006,
          0.02681653,
          -0.99773073,
          0,
          -0.13106123,
          0.042365693,
          -0.3793969,
          1
        ]
      },
      {
        "date" : 730736112.982972,
        "title" : "Untitled",
        "transform" : [
          -0.6108662,
          -2.4356293e-08,
          0.7917338,
          0,
          -0.31748313,
          0.91607934,
          -0.24495569,
          0,
          -0.7252909,
          -0.40099728,
          -0.5596019,
          0,
          -0.3569855,
          -0.12619826,
          -0.13981865,
          1
        ]
      },
      {
        "date" : 730736107.684837,
        "title" : "Untitled",
        "transform" : [
          0.9996376,
          -6.3939964e-11,
          0.026918754,
          0,
          0.005033628,
          0.98236114,
          -0.1869256,
          0,
          -0.026443938,
          0.18699336,
          0.9820052,
          0,
          0.09723919,
          0.1039243,
          0.37770122,
          1
        ]
      }
    ],
    "96AC3CA9-7438-4DFF-9983-254064353D8D" : [
      {
        "date" : 730648882.309767,
        "title" : "Untitled",
        "transform" : [
          1,
          0,
          -0,
          0,
          -0,
          0.8721325,
          -0.48926976,
          0,
          0,
          0.48926976,
          0.8721325,
          0,
          0,
          22.079695,
          33.090282,
          1
        ]
      }
    ],
    "3202FA93-4BBF-4D9C-B9FD-7FAAFCE73254" : [
      {
        "date" : 729784514.545149,
        "title" : "Untitled",
        "transform" : [
          1,
          0,
          -0,
          0,
          -0,
          0.8660253,
          -0.5000002,
          0,
          0,
          0.5000002,
          0.8660253,
          0,
          -0.0018068772,
          0.32589576,
          0.5821873,
          1
        ]
      }
    ],
    "8153C497-3958-4103-B4B6-C5D83DB897C2" : [
      {
        "date" : 730650885.16645,
        "title" : "Untitled",
        "transform" : [
          0.99999964,
          6.0060086e-09,
          -0.00086243014,
          0,
          -0.00035960428,
          0.90893286,
          -0.41694233,
          0,
          0.0007838951,
          0.41694245,
          0.9089325,
          0,
          0.060292393,
          0.8159675,
          0.85805863,
          1
        ]
      },
      {
        "date" : 730649507.950526,
        "title" : "Untitled",
        "transform" : [
          0.99999964,
          6.0060086e-09,
          -0.00086243014,
          0,
          -0.0003596043,
          0.908933,
          -0.4169424,
          0,
          0.0007838952,
          0.4169425,
          0.9089326,
          0,
          -0.34024468,
          0.929724,
          0.80622214,
          1
        ]
      },
      {
        "date" : 730649496.296923,
        "title" : "Untitled",
        "transform" : [
          0.8850622,
          6.0578174e-09,
          -0.46547282,
          0,
          0.16369262,
          0.93612427,
          0.31124946,
          0,
          0.43574035,
          -0.3516696,
          0.8285281,
          0,
          0.28710502,
          0.013308078,
          1.0463841,
          1
        ]
      },
      {
        "date" : 730649447.072328,
        "title" : "Untitled",
        "transform" : [
          0.8850622,
          6.0578174e-09,
          -0.46547282,
          0,
          0.16369262,
          0.93612427,
          0.31124946,
          0,
          0.43574035,
          -0.3516696,
          0.8285281,
          0,
          0.29722562,
          -0.09931192,
          0.99325997,
          1
        ]
      },
      {
        "date" : 730649436.811199,
        "title" : "Untitled",
        "transform" : [
          0.99752986,
          1.740915e-09,
          0.070243835,
          0,
          0.023133013,
          0.94421685,
          -0.32851103,
          0,
          -0.06632537,
          0.32932448,
          0.9418844,
          0,
          -0.05297608,
          0.12148869,
          0.24892288,
          1
        ]
      },
      {
        "date" : 730649425.890438,
        "title" : "Untitled",
        "transform" : [
          0.99752986,
          1.740915e-09,
          0.070243835,
          0,
          0.023133013,
          0.94421685,
          -0.32851103,
          0,
          -0.06632537,
          0.32932448,
          0.9418844,
          0,
          -0.006803613,
          0.4940215,
          0.73904395,
          1
        ]
      },
      {
        "date" : 730649384.148251,
        "title" : "Untitled",
        "transform" : [
          0.99752986,
          1.740915e-09,
          0.070243835,
          0,
          0.023133013,
          0.94421685,
          -0.32851103,
          0,
          -0.06632537,
          0.32932448,
          0.9418844,
          0,
          -0.0103940405,
          0.3197506,
          0.3544181,
          1
        ]
      },
      {
        "date" : 730649381.315712,
        "title" : "Untitled",
        "transform" : [
          0.99752986,
          1.740915e-09,
          0.070243835,
          0,
          0.023133013,
          0.94421685,
          -0.32851103,
          0,
          -0.06632537,
          0.32932448,
          0.9418844,
          0,
          0.0038255411,
          0.19910361,
          0.39760295,
          1
        ]
      },
      {
        "date" : 730649378.229101,
        "title" : "Untitled",
        "transform" : [
          0.99752986,
          1.740915e-09,
          0.070243835,
          0,
          0.023133013,
          0.94421685,
          -0.32851103,
          0,
          -0.06632537,
          0.32932448,
          0.9418844,
          0,
          0.0022979658,
          0.16413343,
          0.23883626,
          1
        ]
      },
      {
        "date" : 730648963.402725,
        "title" : "Untitled",
        "transform" : [
          0.99752986,
          1.740915e-09,
          0.070243835,
          0,
          0.023133012,
          0.9442167,
          -0.328511,
          0,
          -0.06632537,
          0.32932448,
          0.9418844,
          0,
          -0.008284213,
          0.123831935,
          0.25218228,
          1
        ]
      }
    ],
    "B957C93D-DE6F-42BA-A320-884E34385DA5" : [
      {
        "date" : 730830396.061639,
        "title" : "Untitled",
        "transform" : [
          0.008512204,
          -7.2906365e-09,
          0.99996376,
          0,
          0.16095702,
          0.9869604,
          -0.0013701797,
          0,
          -0.98692465,
          0.16096285,
          0.008401126,
          0,
          -6.7413487,
          2.0743046,
          8.124464,
          1
        ]
      },
      {
        "date" : 730830389.422984,
        "title" : "Untitled",
        "transform" : [
          0.008512204,
          -7.2906365e-09,
          0.99996376,
          0,
          0.16095702,
          0.9869604,
          -0.0013701797,
          0,
          -0.98692465,
          0.16096285,
          0.008401126,
          0,
          -1.9005609,
          0.28059006,
          6.0543933,
          1
        ]
      },
      {
        "date" : 730830009.556574,
        "title" : "Untitled",
        "transform" : [
          0.008512204,
          -7.2906365e-09,
          0.99996376,
          0,
          0.16095702,
          0.9869604,
          -0.0013701797,
          0,
          -0.98692465,
          0.16096285,
          0.008401126,
          0,
          -1.5778427,
          2.2450094,
          6.3280873,
          1
        ]
      },
      {
        "date" : 730830001.421765,
        "title" : "Untitled",
        "transform" : [
          0.008512204,
          -7.2906365e-09,
          0.99996376,
          0,
          0.16095702,
          0.9869604,
          -0.0013701797,
          0,
          -0.98692465,
          0.16096285,
          0.008401126,
          0,
          -1.8518367,
          0.5533981,
          6.551562,
          1
        ]
      },
      {
        "date" : 730829992.388922,
        "title" : "Untitled",
        "transform" : [
          0.9245104,
          -7.3590956e-09,
          0.38115674,
          0,
          0.11226118,
          0.9556429,
          -0.27229393,
          0,
          -0.3642498,
          0.29452768,
          0.88350177,
          0,
          5.228618,
          0.26891994,
          10.566721,
          1
        ]
      },
      {
        "date" : 730829985.214785,
        "title" : "Untitled",
        "transform" : [
          0.9245104,
          -7.3590956e-09,
          0.38115674,
          0,
          0.11226118,
          0.9556429,
          -0.27229393,
          0,
          -0.3642498,
          0.29452768,
          0.88350177,
          0,
          5.150808,
          -0.15779275,
          10.676891,
          1
        ]
      },
      {
        "date" : 730829983.971516,
        "title" : "Untitled",
        "transform" : [
          0.9245104,
          -7.3590956e-09,
          0.38115674,
          0,
          0.11226118,
          0.9556429,
          -0.27229393,
          0,
          -0.3642498,
          0.29452768,
          0.88350177,
          0,
          5.2517967,
          -0.39587086,
          10.797894,
          1
        ]
      },
      {
        "date" : 730829977.804879,
        "title" : "Untitled",
        "transform" : [
          0.17041303,
          -7.2598993e-09,
          0.98537266,
          0,
          0.28108108,
          0.95845205,
          -0.048610963,
          0,
          -0.9444325,
          0.28525358,
          0.1633327,
          0,
          1.6993613,
          0.5171239,
          7.5817876,
          1
        ]
      },
      {
        "date" : 730829974.165581,
        "title" : "Untitled",
        "transform" : [
          0.17041303,
          -7.2598993e-09,
          0.98537266,
          0,
          0.28108108,
          0.95845205,
          -0.048610963,
          0,
          -0.9444325,
          0.28525358,
          0.1633327,
          0,
          1.6785564,
          0.46934718,
          7.5449276,
          1
        ]
      },
      {
        "date" : 730829961.881307,
        "title" : "Untitled",
        "transform" : [
          0.40201002,
          -5.282642e-09,
          0.9156352,
          0,
          0.31773162,
          0.93786263,
          -0.13950022,
          0,
          -0.8587401,
          0.34700677,
          0.37703016,
          0,
          2.3358488,
          0.7504561,
          9.035781,
          1
        ]
      }
    ]
  },
  "selectedSceneRelativePath" : "Strate.usda"
}