{
  "advancedEditorSelectedIdentifier" : "ProjectBrowser",
  "openSceneRelativePaths" : [
    "duckEntity.usda",
    "StraightScene.usda",
    "Corner1.usda",
    "Corner2.usda",
    "Corner3.usda",
    "Corner4.usda",
    "EndPieceScene.usda",
    "enemy.usda"
  ],
  "recentIdentifiers" : {
    "2C99BF58-1D1A-41C9-AF75-88E1FECEF878" : [

    ],
    "24EEB4BA-7DCC-49D6-B06D-DEDD602F725C" : [

    ],
    "36DB7FC7-E314-4F25-B712-699763708147" : [

    ],
    "3978AF53-656F-4D95-831D-347E73163760" : [

    ],
    "8153C497-3958-4103-B4B6-C5D83DB897C2" : [

    ],
    "FF323CD6-7D35-4B75-8768-5DDAD8B208B0" : [

    ]
  },
  "sceneCameraHistory" : {
    "2C99BF58-1D1A-41C9-AF75-88E1FECEF878" : [
      {
        "date" : 730222441.832322,
        "title" : "Untitled",
        "transform" : [
          0.9984478,
          -9.782551e-10,
          0.055695098,
          0,
          0.014634633,
          0.96486044,
          -0.26235518,
          0,
          -0.053738046,
          0.26276302,
          0.96336275,
          0,
          -2.7288513,
          1.8682135,
          -3.8727012,
          1
        ]
      },
      {
        "date" : 730140288.048605,
        "title" : "Untitled",
        "transform" : [
          0.9984478,
          -9.782551e-10,
          0.055695098,
          0,
          0.014634633,
          0.96486044,
          -0.26235518,
          0,
          -0.053738046,
          0.26276302,
          0.96336275,
          0,
          -2.4972842,
          1.8399601,
          -4.083937,
          1
        ]
      },
      {
        "date" : 730140279.481526,
        "title" : "Untitled",
        "transform" : [
          0.9984478,
          -9.782551e-10,
          0.055695098,
          0,
          0.014634633,
          0.96486044,
          -0.26235518,
          0,
          -0.053738046,
          0.26276302,
          0.96336275,
          0,
          -2.2769868,
          1.9287853,
          -3.8208175,
          1
        ]
      },
      {
        "date" : 730140033.723988,
        "title" : "Untitled",
        "transform" : [
          0.9984478,
          -9.782551e-10,
          0.055695098,
          0,
          0.014634633,
          0.96486044,
          -0.26235518,
          0,
          -0.053738046,
          0.26276302,
          0.96336275,
          0,
          -2.9222581,
          2.610216,
          -2.5068731,
          1
        ]
      },
      {
        "date" : 730050982.327431,
        "title" : "Untitled",
        "transform" : [
          0.9984478,
          -9.782551e-10,
          0.055695098,
          0,
          0.014634633,
          0.96486044,
          -0.26235518,
          0,
          -0.053738046,
          0.26276302,
          0.96336275,
          0,
          -2.4689662,
          3.4129398,
          -2.7005358,
          1
        ]
      },
      {
        "date" : 730050980.195268,
        "title" : "Untitled",
        "transform" : [
          0.9984478,
          -9.782551e-10,
          0.055695098,
          0,
          0.014634633,
          0.96486044,
          -0.26235518,
          0,
          -0.053738046,
          0.26276302,
          0.96336275,
          0,
          -2.9101472,
          2.648299,
          -2.5165849,
          1
        ]
      },
      {
        "date" : 730050965.088223,
        "title" : "Untitled",
        "transform" : [
          0.9984478,
          -9.782551e-10,
          0.055695098,
          0,
          0.014634633,
          0.96486044,
          -0.26235518,
          0,
          -0.053738046,
          0.26276302,
          0.96336275,
          0,
          -1.7572212,
          3.270749,
          -5.125,
          1
        ]
      },
      {
        "date" : 730050962.87999,
        "title" : "Untitled",
        "transform" : [
          0.9984478,
          -9.782551e-10,
          0.055695098,
          0,
          0.014634633,
          0.96486044,
          -0.26235518,
          0,
          -0.053738046,
          0.26276302,
          0.96336275,
          0,
          -1.7838435,
          3.7515097,
          -5.2576156,
          1
        ]
      },
      {
        "date" : 730050875.305517,
        "title" : "Untitled",
        "transform" : [
          0.9984478,
          -9.782551e-10,
          0.055695098,
          0,
          0.014634633,
          0.96486044,
          -0.26235518,
          0,
          -0.053738046,
          0.26276302,
          0.96336275,
          0,
          -2.840959,
          4.040572,
          -1.6920042,
          1
        ]
      },
      {
        "date" : 730050240.001851,
        "title" : "Untitled",
        "transform" : [
          0.9984478,
          -9.782551e-10,
          0.055695098,
          0,
          0.014634633,
          0.96486044,
          -0.26235518,
          0,
          -0.053738046,
          0.26276302,
          0.96336275,
          0,
          -3.2970738,
          3.0380716,
          -1.4440098,
          1
        ]
      }
    ],
    "4FABD446-4A32-4C34-8A97-0726B18F44BC" : [
      {
        "date" : 731168544.566968,
        "title" : "Untitled",
        "transform" : [
          1,
          0,
          -0,
          0,
          -0,
          0.8660246,
          -0.5000013,
          0,
          0,
          0.5000013,
          0.8660246,
          0,
          -7.6293936e-06,
          4.689953,
          8.259395,
          1
        ]
      }
    ],
    "24EEB4BA-7DCC-49D6-B06D-DEDD602F725C" : [
      {
        "date" : 730393925.891481,
        "title" : "Untitled",
        "transform" : [
          0.153595,
          3.5433185e-09,
          0.9881339,
          0,
          0.33771163,
          0.93978465,
          -0.052493725,
          0,
          -0.92863315,
          0.341767,
          0.14434622,
          0,
          -3.0110717,
          0.22653624,
          2.279529,
          1
        ]
      },
      {
        "date" : 730393920.317775,
        "title" : "Untitled",
        "transform" : [
          0.153595,
          3.5433185e-09,
          0.9881339,
          0,
          0.33771163,
          0.93978465,
          -0.052493725,
          0,
          -0.92863315,
          0.341767,
          0.14434622,
          0,
          -1.8818146,
          -0.18906683,
          2.1039987,
          1
        ]
      },
      {
        "date" : 730393914.408482,
        "title" : "Untitled",
        "transform" : [
          0.153595,
          3.5433185e-09,
          0.9881339,
          0,
          0.33771163,
          0.93978465,
          -0.052493725,
          0,
          -0.92863315,
          0.341767,
          0.14434622,
          0,
          -1.3631475,
          -0.37995312,
          2.0233774,
          1
        ]
      },
      {
        "date" : 730393898.925688,
        "title" : "Untitled",
        "transform" : [
          0.153595,
          3.5433185e-09,
          0.9881339,
          0,
          0.33771163,
          0.93978465,
          -0.052493725,
          0,
          -0.92863315,
          0.341767,
          0.14434622,
          0,
          -1.700782,
          -0.24779631,
          2.0022635,
          1
        ]
      },
      {
        "date" : 730393893.359778,
        "title" : "Untitled",
        "transform" : [
          0.153595,
          3.5433185e-09,
          0.9881339,
          0,
          0.33771163,
          0.93978465,
          -0.052493725,
          0,
          -0.92863315,
          0.341767,
          0.14434622,
          0,
          -2.2868876,
          0.18509004,
          2.1273677,
          1
        ]
      },
      {
        "date" : 730393888.209764,
        "title" : "Untitled",
        "transform" : [
          0.153595,
          3.5433185e-09,
          0.9881339,
          0,
          0.33771163,
          0.93978465,
          -0.052493725,
          0,
          -0.92863315,
          0.341767,
          0.14434622,
          0,
          -2.2065856,
          0.17859076,
          2.0526671,
          1
        ]
      },
      {
        "date" : 730393880.200538,
        "title" : "Untitled",
        "transform" : [
          0.153595,
          3.5433185e-09,
          0.9881339,
          0,
          0.33771163,
          0.93978465,
          -0.052493725,
          0,
          -0.92863315,
          0.341767,
          0.14434622,
          0,
          -2.086745,
          0.09028673,
          2.0053859,
          1
        ]
      },
      {
        "date" : 730393865.148622,
        "title" : "Untitled",
        "transform" : [
          0.153595,
          3.5433185e-09,
          0.9881339,
          0,
          0.33771163,
          0.93978465,
          -0.052493725,
          0,
          -0.92863315,
          0.341767,
          0.14434622,
          0,
          -5.5345874,
          1.5871952,
          0.9858251,
          1
        ]
      },
      {
        "date" : 730393846.426748,
        "title" : "Untitled",
        "transform" : [
          0.9763721,
          4.2068606e-09,
          0.21609624,
          0,
          0.121496245,
          0.82697946,
          -0.5489478,
          0,
          -0.17870717,
          0.5622321,
          0.80743974,
          0,
          -0.34620193,
          0.6527206,
          1.5953541,
          1
        ]
      },
      {
        "date" : 729961644.293054,
        "title" : "Untitled",
        "transform" : [
          0.99980646,
          4.712908e-09,
          0.019675419,
          0,
          0.007020563,
          0.93417346,
          -0.35675028,
          0,
          -0.018380232,
          0.35681924,
          0.9339927,
          0,
          -0.027486172,
          0.25950265,
          1.7386653,
          1
        ]
      }
    ],
    "35A8577D-B064-4FD3-A308-1FD310164C93" : [
      {
        "date" : 731255827.453623,
        "title" : "Untitled",
        "transform" : [
          0.99999994,
          0,
          -0,
          0,
          -0,
          0.8660245,
          -0.50000143,
          0,
          0,
          0.50000143,
          0.8660245,
          0,
          0.97256607,
          4.6303253,
          8.256293,
          1
        ]
      }
    ],
    "36DB7FC7-E314-4F25-B712-699763708147" : [
      {
        "date" : 731253989.780737,
        "title" : "Untitled",
        "transform" : [
          1,
          0,
          0,
          0,
          0,
          0.8660254,
          -0.5,
          0,
          0,
          0.5,
          0.8660254,
          0,
          -0.012240077,
          0.21695513,
          0.2813536,
          1
        ]
      },
      {
        "date" : 731253984.673589,
        "title" : "Untitled",
        "transform" : [
          1,
          0,
          0,
          0,
          0,
          0.8660254,
          -0.5,
          0,
          0,
          0.5,
          0.8660254,
          0,
          -0.0086046085,
          0.15251651,
          0.19778776,
          1
        ]
      },
      {
        "date" : 730657513.691688,
        "title" : "Untitled",
        "transform" : [
          1,
          0,
          0,
          0,
          0,
          0.8660254,
          -0.5,
          0,
          0,
          0.5,
          0.8660254,
          0,
          0,
          0.12703598,
          0.22003277,
          1
        ]
      },
      {
        "date" : 730657509.698982,
        "title" : "Untitled",
        "transform" : [
          1,
          0,
          0,
          0,
          0,
          0.8660254,
          -0.5,
          0,
          0,
          0.5,
          0.8660254,
          0,
          0,
          0.09992211,
          0.17307019,
          1
        ]
      },
      {
        "date" : 730652163.857002,
        "title" : "Untitled",
        "transform" : [
          1,
          0,
          0,
          0,
          0,
          0.8660254,
          -0.5,
          0,
          0,
          0.5,
          0.8660254,
          0,
          0,
          0.19056906,
          0.33007535,
          1
        ]
      },
      {
        "date" : 730652125.831415,
        "title" : "Untitled",
        "transform" : [
          1,
          0,
          0,
          0,
          0,
          0.8660254,
          -0.5,
          0,
          0,
          0.5,
          0.8660254,
          0,
          0,
          0.21043894,
          0.36449096,
          1
        ]
      },
      {
        "date" : 730652094.658867,
        "title" : "Untitled",
        "transform" : [
          1,
          0,
          -0,
          0,
          -0,
          0.8660254,
          -0.5,
          0,
          0,
          0.5,
          0.8660254,
          0,
          0,
          0.23320797,
          0.40392807,
          1
        ]
      }
    ],
    "96AC3CA9-7438-4DFF-9983-254064353D8D" : [
      {
        "date" : 730648882.309767,
        "title" : "Untitled",
        "transform" : [
          1,
          0,
          -0,
          0,
          -0,
          0.8721325,
          -0.48926976,
          0,
          0,
          0.48926976,
          0.8721325,
          0,
          0,
          22.079695,
          33.090282,
          1
        ]
      }
    ],
    "593C726E-1E26-4BE0-ACEC-2E94F27516FD" : [
      {
        "date" : 731338164.110668,
        "title" : "Untitled",
        "transform" : [
          1,
          0,
          0,
          0,
          0,
          0.8660253,
          -0.5000002,
          0,
          0,
          0.5000002,
          0.8660253,
          0,
          0,
          0.3996179,
          0.6921585,
          1
        ]
      },
      {
        "date" : 731338105.144462,
        "title" : "Untitled",
        "transform" : [
          1,
          0,
          -0,
          0,
          -0,
          0.8660253,
          -0.5000002,
          0,
          0,
          0.5000002,
          0.8660253,
          0,
          0,
          0.46641654,
          0.80785716,
          1
        ]
      }
    ],
    "953A3637-D13B-4F23-BE77-478CF5EE0FB9" : [
      {
        "date" : 731254838.572444,
        "title" : "Untitled",
        "transform" : [
          0.99999994,
          0,
          0,
          0,
          0,
          0.86602455,
          -0.50000155,
          0,
          0,
          0.50000155,
          0.86602455,
          0,
          -1.23352,
          1.2234926,
          3.1925225,
          1
        ]
      },
      {
        "date" : 731168644.14611,
        "title" : "Untitled",
        "transform" : [
          0.99999994,
          0,
          0,
          0,
          0,
          0.86602455,
          -0.50000155,
          0,
          0,
          0.50000155,
          0.86602455,
          0,
          -1.006069,
          2.7979333,
          5.568297,
          1
        ]
      },
      {
        "date" : 731168596.412544,
        "title" : "Untitled",
        "transform" : [
          0.99999994,
          0,
          0,
          0,
          0,
          0.86602455,
          -0.50000155,
          0,
          0,
          0.50000155,
          0.86602455,
          0,
          -0.6704631,
          5.1210318,
          9.07377,
          1
        ]
      },
      {
        "date" : 731168592.945983,
        "title" : "Untitled",
        "transform" : [
          0.99999994,
          0,
          0,
          0,
          0,
          0.86602455,
          -0.50000155,
          0,
          0,
          0.50000155,
          0.86602455,
          0,
          -1.2183052,
          1.3288112,
          3.3514442,
          1
        ]
      },
      {
        "date" : 731168572.980312,
        "title" : "Untitled",
        "transform" : [
          0.99999994,
          0,
          0,
          0,
          0,
          0.86602455,
          -0.50000155,
          0,
          0,
          0.50000155,
          0.86602455,
          0,
          -0.7443646,
          4.6094785,
          8.301853,
          1
        ]
      },
      {
        "date" : 731168559.31442,
        "title" : "Untitled",
        "transform" : [
          0.99999994,
          0,
          -0,
          0,
          -0,
          0.86602455,
          -0.50000155,
          0,
          0,
          0.50000155,
          0.86602455,
          0,
          -0.9725662,
          4.6884503,
          8.256259,
          1
        ]
      }
    ],
    "3202FA93-4BBF-4D9C-B9FD-7FAAFCE73254" : [
      {
        "date" : 729784514.545149,
        "title" : "Untitled",
        "transform" : [
          1,
          0,
          -0,
          0,
          -0,
          0.8660253,
          -0.5000002,
          0,
          0,
          0.5000002,
          0.8660253,
          0,
          -0.0018068772,
          0.32589576,
          0.5821873,
          1
        ]
      }
    ],
    "3978AF53-656F-4D95-831D-347E73163760" : [
      {
        "date" : 731256564.480165,
        "title" : "Untitled",
        "transform" : [
          0.55062807,
          6.2780785e-09,
          -0.83475065,
          0,
          -0.5880775,
          0.7097092,
          -0.38791466,
          0,
          0.59243023,
          0.70449466,
          0.39078587,
          0,
          18.191685,
          7.593636,
          1.6300424,
          1
        ]
      },
      {
        "date" : 731256556.405377,
        "title" : "Untitled",
        "transform" : [
          0.412474,
          6.69057e-09,
          0.9109694,
          0,
          0.5528737,
          0.7947729,
          -0.25033337,
          0,
          -0.7240138,
          0.60690683,
          0.32782316,
          0,
          2.2089353,
          3.2028465,
          3.78539,
          1
        ]
      },
      {
        "date" : 731256546.092028,
        "title" : "Untitled",
        "transform" : [
          0.12463657,
          4.9761706e-10,
          -0.99220246,
          0,
          -0.20915541,
          0.97752935,
          -0.026273265,
          0,
          0.9699071,
          0.21079905,
          0.12183587,
          0,
          12.829788,
          2.2639344,
          3.3798509,
          1
        ]
      },
      {
        "date" : 731256539.240018,
        "title" : "Untitled",
        "transform" : [
          0.468281,
          4.313888e-10,
          -0.8835796,
          0,
          -0.4680494,
          0.8481728,
          -0.2480576,
          0,
          0.7494282,
          0.52971953,
          0.3971832,
          0,
          13.80007,
          4.5377684,
          4.0604773,
          1
        ]
      },
      {
        "date" : 731256537.414492,
        "title" : "Untitled",
        "transform" : [
          0.9944705,
          8.972714e-11,
          -0.105016805,
          0,
          -0.057776418,
          0.83505684,
          -0.54712147,
          0,
          0.087695,
          0.55016357,
          0.8304394,
          0,
          6.723658,
          4.7404714,
          7.5937767,
          1
        ]
      },
      {
        "date" : 731256528.792627,
        "title" : "Untitled",
        "transform" : [
          1,
          0,
          0,
          0,
          0,
          0.8660246,
          -0.5000013,
          0,
          0,
          0.5000013,
          0.8660246,
          0,
          5.8477426,
          4.2438407,
          7.799985,
          1
        ]
      },
      {
        "date" : 731256518.630304,
        "title" : "Untitled",
        "transform" : [
          1,
          0,
          0,
          0,
          0,
          0.8660246,
          -0.5000013,
          0,
          0,
          0.5000013,
          0.8660246,
          0,
          5.036063,
          5.87759,
          9.393047,
          1
        ]
      },
      {
        "date" : 731256473.143115,
        "title" : "Untitled",
        "transform" : [
          1,
          0,
          0,
          0,
          0,
          0.8660246,
          -0.5000013,
          0,
          0,
          0.5000013,
          0.8660246,
          0,
          4.3179965,
          5.0395346,
          8.0537405,
          1
        ]
      },
      {
        "date" : 731255853.452535,
        "title" : "Untitled",
        "transform" : [
          1,
          0,
          -0,
          0,
          -0,
          0.8660246,
          -0.5000013,
          0,
          0,
          0.5000013,
          0.8660246,
          0,
          0.970279,
          4.688527,
          8.256395,
          1
        ]
      }
    ],
    "8153C497-3958-4103-B4B6-C5D83DB897C2" : [
      {
        "date" : 730650885.16645,
        "title" : "Untitled",
        "transform" : [
          0.99999964,
          6.0060086e-09,
          -0.00086243014,
          0,
          -0.00035960428,
          0.90893286,
          -0.41694233,
          0,
          0.0007838951,
          0.41694245,
          0.9089325,
          0,
          0.060292393,
          0.8159675,
          0.85805863,
          1
        ]
      },
      {
        "date" : 730649507.950526,
        "title" : "Untitled",
        "transform" : [
          0.99999964,
          6.0060086e-09,
          -0.00086243014,
          0,
          -0.0003596043,
          0.908933,
          -0.4169424,
          0,
          0.0007838952,
          0.4169425,
          0.9089326,
          0,
          -0.34024468,
          0.929724,
          0.80622214,
          1
        ]
      },
      {
        "date" : 730649496.296923,
        "title" : "Untitled",
        "transform" : [
          0.8850622,
          6.0578174e-09,
          -0.46547282,
          0,
          0.16369262,
          0.93612427,
          0.31124946,
          0,
          0.43574035,
          -0.3516696,
          0.8285281,
          0,
          0.28710502,
          0.013308078,
          1.0463841,
          1
        ]
      },
      {
        "date" : 730649447.072328,
        "title" : "Untitled",
        "transform" : [
          0.8850622,
          6.0578174e-09,
          -0.46547282,
          0,
          0.16369262,
          0.93612427,
          0.31124946,
          0,
          0.43574035,
          -0.3516696,
          0.8285281,
          0,
          0.29722562,
          -0.09931192,
          0.99325997,
          1
        ]
      },
      {
        "date" : 730649436.811199,
        "title" : "Untitled",
        "transform" : [
          0.99752986,
          1.740915e-09,
          0.070243835,
          0,
          0.023133013,
          0.94421685,
          -0.32851103,
          0,
          -0.06632537,
          0.32932448,
          0.9418844,
          0,
          -0.05297608,
          0.12148869,
          0.24892288,
          1
        ]
      },
      {
        "date" : 730649425.890438,
        "title" : "Untitled",
        "transform" : [
          0.99752986,
          1.740915e-09,
          0.070243835,
          0,
          0.023133013,
          0.94421685,
          -0.32851103,
          0,
          -0.06632537,
          0.32932448,
          0.9418844,
          0,
          -0.006803613,
          0.4940215,
          0.73904395,
          1
        ]
      },
      {
        "date" : 730649384.148251,
        "title" : "Untitled",
        "transform" : [
          0.99752986,
          1.740915e-09,
          0.070243835,
          0,
          0.023133013,
          0.94421685,
          -0.32851103,
          0,
          -0.06632537,
          0.32932448,
          0.9418844,
          0,
          -0.0103940405,
          0.3197506,
          0.3544181,
          1
        ]
      },
      {
        "date" : 730649381.315712,
        "title" : "Untitled",
        "transform" : [
          0.99752986,
          1.740915e-09,
          0.070243835,
          0,
          0.023133013,
          0.94421685,
          -0.32851103,
          0,
          -0.06632537,
          0.32932448,
          0.9418844,
          0,
          0.0038255411,
          0.19910361,
          0.39760295,
          1
        ]
      },
      {
        "date" : 730649378.229101,
        "title" : "Untitled",
        "transform" : [
          0.99752986,
          1.740915e-09,
          0.070243835,
          0,
          0.023133013,
          0.94421685,
          -0.32851103,
          0,
          -0.06632537,
          0.32932448,
          0.9418844,
          0,
          0.0022979658,
          0.16413343,
          0.23883626,
          1
        ]
      },
      {
        "date" : 730648963.402725,
        "title" : "Untitled",
        "transform" : [
          0.99752986,
          1.740915e-09,
          0.070243835,
          0,
          0.023133012,
          0.9442167,
          -0.328511,
          0,
          -0.06632537,
          0.32932448,
          0.9418844,
          0,
          -0.008284213,
          0.123831935,
          0.25218228,
          1
        ]
      }
    ],
    "DD19E46E-99BD-4D64-9CFD-BAE187478641" : [
      {
        "date" : 731333494.586127,
        "title" : "Untitled",
        "transform" : [
          0.99999994,
          0,
          0,
          0,
          0,
          0.8660254,
          -0.49999988,
          0,
          0,
          0.49999988,
          0.8660254,
          0,
          1.0652626,
          2.221948,
          4.463047,
          1
        ]
      },
      {
        "date" : 731259813.038898,
        "title" : "Untitled",
        "transform" : [
          0.99999994,
          0,
          -0,
          0,
          -0,
          0.8660254,
          -0.49999988,
          0,
          0,
          0.49999988,
          0.8660254,
          0,
          -7.629394e-06,
          6.5433784,
          11.469624,
          1
        ]
      }
    ],
    "FC63432B-B439-4A7D-A667-638C0FD8C39A" : [
      {
        "date" : 731255733.884733,
        "title" : "Untitled",
        "transform" : [
          0.99999994,
          0,
          -0,
          0,
          -0,
          0.8660245,
          -0.50000143,
          0,
          0,
          0.50000143,
          0.8660245,
          0,
          -0.97027916,
          4.6301365,
          8.25597,
          1
        ]
      }
    ],
    "FF323CD6-7D35-4B75-8768-5DDAD8B208B0" : [
      {
        "date" : 731261635.861405,
        "title" : "Untitled",
        "transform" : [
          0.70194334,
          6.1885075e-10,
          -0.71223277,
          0,
          -0.27814355,
          0.920593,
          -0.27412528,
          0,
          0.65567654,
          0.39052337,
          0.6462041,
          0,
          0.13748041,
          0.11397636,
          0.14489868,
          1
        ]
      },
      {
        "date" : 731261573.280663,
        "title" : "Untitled",
        "transform" : [
          0.99784,
          1.0224417e-09,
          -0.065691486,
          0,
          0.0035445397,
          0.99854326,
          0.053840842,
          0,
          0.06559579,
          -0.053957395,
          0.99638635,
          0,
          0.022980724,
          0.040031414,
          0.6284698,
          1
        ]
      },
      {
        "date" : 731259874.271854,
        "title" : "Untitled",
        "transform" : [
          0.99784,
          1.0224417e-09,
          -0.065691486,
          0,
          0.0035445397,
          0.99854326,
          0.053840842,
          0,
          0.06559579,
          -0.053957395,
          0.99638635,
          0,
          0.016214594,
          0.028245114,
          0.44343176,
          1
        ]
      },
      {
        "date" : 731259857.420909,
        "title" : "Untitled",
        "transform" : [
          1,
          0,
          0,
          0,
          0,
          0.8660254,
          -0.5,
          0,
          0,
          0.5,
          0.8660254,
          0,
          -0.011829939,
          0.25653163,
          0.35891938,
          1
        ]
      },
      {
        "date" : 731259829.390386,
        "title" : "Untitled",
        "transform" : [
          1,
          0,
          0,
          0,
          0,
          0.8660254,
          -0.5,
          0,
          0,
          0.5,
          0.8660254,
          0,
          0.023018066,
          0.22638139,
          0.40786946,
          1
        ]
      }
    ]
  },
  "selectedSceneRelativePath" : "enemy.usda"
}