{
  "advancedEditorSelectedIdentifier" : "ProjectBrowser",
  "openSceneRelativePaths" : [
    "Immersive.usda",
    "YuliiaScene.usda",
    "DuckPrototypeScene.usda"
  ],
  "recentIdentifiers" : {
    "16C54D1F-8DCA-4D9A-9828-BFC95777EAF5" : [

    ],
    "D4533622-F8BC-46C8-B174-2487131220E8" : [

    ]
  },
  "sceneCameraHistory" : {
    "16C54D1F-8DCA-4D9A-9828-BFC95777EAF5" : [
      {
        "date" : 729554658.9431,
        "title" : "Untitled",
        "transform" : [
          0.5472984,
          -0.00015657498,
          0.83693755,
          0,
          0.4190504,
          0.86567503,
          -0.27386758,
          0,
          -0.7244731,
          0.5006063,
          0.4738482,
          0,
          -4.542612,
          0.4082768,
          2.5779364,
          1
        ]
      },
      {
        "date" : 729554512.549573,
        "title" : "Untitled",
        "transform" : [
          0.5472984,
          -0.00015657498,
          0.83693755,
          0,
          0.4190504,
          0.86567503,
          -0.27386758,
          0,
          -0.7244731,
          0.5006063,
          0.4738482,
          0,
          -3.3958623,
          2.1441593,
          2.4973118,
          1
        ]
      },
      {
        "date" : 729554510.759783,
        "title" : "Untitled",
        "transform" : [
          0.5472984,
          -0.00015657498,
          0.83693755,
          0,
          0.4190504,
          0.86567503,
          -0.27386758,
          0,
          -0.7244731,
          0.5006063,
          0.4738482,
          0,
          -3.3343081,
          2.0652637,
          2.6747746,
          1
        ]
      },
      {
        "date" : 729554473.913435,
        "title" : "Untitled",
        "transform" : [
          0.5472984,
          -0.00015657498,
          0.83693755,
          0,
          0.4190504,
          0.86567503,
          -0.27386758,
          0,
          -0.7244731,
          0.5006063,
          0.4738482,
          0,
          -3.4261665,
          1.3690476,
          3.2698624,
          1
        ]
      },
      {
        "date" : 729554471.234948,
        "title" : "Untitled",
        "transform" : [
          0.5472984,
          -0.00015657498,
          0.83693755,
          0,
          0.4190504,
          0.86567503,
          -0.27386758,
          0,
          -0.7244731,
          0.5006063,
          0.4738482,
          0,
          -2.8559847,
          1.8447957,
          3.6390083,
          1
        ]
      },
      {
        "date" : 729554357.923343,
        "title" : "Untitled",
        "transform" : [
          0.5472984,
          -0.00015657498,
          0.83693755,
          0,
          0.4190504,
          0.86567503,
          -0.27386758,
          0,
          -0.7244731,
          0.5006063,
          0.4738482,
          0,
          -2.7169497,
          2.523366,
          3.1346915,
          1
        ]
      },
      {
        "date" : 729554346.523363,
        "title" : "Untitled",
        "transform" : [
          0.5472984,
          -0.00015657498,
          0.83693755,
          0,
          0.4190504,
          0.86567503,
          -0.27386758,
          0,
          -0.7244731,
          0.5006063,
          0.4738482,
          0,
          -0.857492,
          0.5855313,
          1.3110923,
          1
        ]
      },
      {
        "date" : 729554340.321013,
        "title" : "Untitled",
        "transform" : [
          0.5472984,
          -0.00015657498,
          0.83693755,
          0,
          0.4190504,
          0.86567503,
          -0.27386758,
          0,
          -0.7244731,
          0.5006063,
          0.4738482,
          0,
          -2.0242095,
          1.5449504,
          2.288106,
          1
        ]
      },
      {
        "date" : 729554321.261835,
        "title" : "Untitled",
        "transform" : [
          0.1816443,
          6.4938144e-10,
          0.98336434,
          0,
          0.030136518,
          0.9995303,
          -0.005566734,
          0,
          -0.9829024,
          0.030646343,
          0.18155897,
          0,
          -5.181168,
          1.3812644,
          1.5804815,
          1
        ]
      },
      {
        "date" : 729554315.997,
        "title" : "Untitled",
        "transform" : [
          0.1816443,
          6.4938144e-10,
          0.98336434,
          0,
          0.030136518,
          0.9995303,
          -0.005566734,
          0,
          -0.9829024,
          0.030646343,
          0.18155897,
          0,
          -5.3472853,
          1.7372897,
          0.62108153,
          1
        ]
      }
    ],
    "7636FB1E-2305-4941-BF41-0855193F7CD2" : [
      {
        "date" : 729554612.81723,
        "title" : "Untitled",
        "transform" : [
          0.99999994,
          0,
          0,
          0,
          0,
          0.8660255,
          -0.49999988,
          0,
          0,
          0.49999988,
          0.8660255,
          0,
          -0.0018798858,
          0.26523355,
          0.46903223,
          1
        ]
      },
      {
        "date" : 729554551.428858,
        "title" : "Untitled",
        "transform" : [
          0.99999994,
          0,
          0,
          0,
          0,
          0.8660255,
          -0.49999988,
          0,
          0,
          0.49999988,
          0.8660255,
          0,
          0.00043223798,
          0.2712407,
          0.46556398,
          1
        ]
      },
      {
        "date" : 729554535.89518,
        "title" : "Untitled",
        "transform" : [
          0.99999994,
          0,
          -0,
          0,
          -0,
          0.8660255,
          -0.49999988,
          0,
          0,
          0.49999988,
          0.8660255,
          0,
          0,
          0.210233,
          0.36413428,
          1
        ]
      }
    ],
    "AF09ED6F-1707-48FD-8720-65B998362C09" : [
      {
        "date" : 729527713.082217,
        "title" : "Untitled",
        "transform" : [
          1,
          0,
          -0,
          0,
          -0,
          0.8660258,
          -0.49999925,
          0,
          0,
          0.49999925,
          0.8660258,
          0,
          0,
          3.578385,
          4.080606,
          1
        ]
      }
    ],
    "D4533622-F8BC-46C8-B174-2487131220E8" : [
      {
        "date" : 729530678.719424,
        "title" : "Untitled",
        "transform" : [
          0.099020086,
          1.8475725e-05,
          0.9950855,
          0,
          0.26532996,
          0.96379566,
          -0.026420658,
          0,
          -0.9590594,
          0.26664212,
          0.09543023,
          0,
          -0.4365761,
          0.15099809,
          0.12566239,
          1
        ]
      },
      {
        "date" : 729530582.162151,
        "title" : "Untitled",
        "transform" : [
          0.099020086,
          1.8475725e-05,
          0.9950855,
          0,
          0.26532996,
          0.96379566,
          -0.026420658,
          0,
          -0.9590594,
          0.26664212,
          0.09543023,
          0,
          -1.2672163,
          0.5559623,
          0.15707248,
          1
        ]
      },
      {
        "date" : 729530561.733774,
        "title" : "Untitled",
        "transform" : [
          0.099020086,
          1.8475725e-05,
          0.9950855,
          0,
          0.26532996,
          0.96379566,
          -0.026420658,
          0,
          -0.9590594,
          0.26664212,
          0.09543023,
          0,
          -2.020832,
          0.7237817,
          0.19740152,
          1
        ]
      },
      {
        "date" : 729530559.673398,
        "title" : "Untitled",
        "transform" : [
          0.099020086,
          1.8475725e-05,
          0.9950855,
          0,
          0.26532996,
          0.96379566,
          -0.026420658,
          0,
          -0.9590594,
          0.26664212,
          0.09543023,
          0,
          -1.9681696,
          0.76662934,
          0.60692775,
          1
        ]
      },
      {
        "date" : 729530040.160115,
        "title" : "Untitled",
        "transform" : [
          0.099020086,
          1.8475725e-05,
          0.9950855,
          0,
          0.26532993,
          0.96379554,
          -0.026420655,
          0,
          -0.9590594,
          0.26664212,
          0.09543023,
          0,
          -1.9777521,
          0.5298039,
          1.1723402,
          1
        ]
      },
      {
        "date" : 729530024.714099,
        "title" : "Untitled",
        "transform" : [
          -0.9984264,
          1.8475766e-05,
          -0.056078747,
          0,
          -0.021715587,
          0.9218541,
          0.38692832,
          0,
          0.051703542,
          0.3875372,
          -0.92040294,
          0,
          0.72171664,
          1.0314343,
          -1.8675398,
          1
        ]
      },
      {
        "date" : 729530015.839237,
        "title" : "Untitled",
        "transform" : [
          -0.038982227,
          4.3770183e-06,
          -0.9992399,
          0,
          -0.3654366,
          0.930727,
          0.014260446,
          0,
          0.9300196,
          0.36571476,
          -0.03628021,
          0,
          1.3220782,
          0.58861154,
          0.1082453,
          1
        ]
      },
      {
        "date" : 729529774.5559,
        "title" : "Untitled",
        "transform" : [
          -0.038982227,
          4.3770183e-06,
          -0.9992399,
          0,
          -0.3654366,
          0.930727,
          0.014260446,
          0,
          0.9300196,
          0.36571476,
          -0.03628021,
          0,
          1.2250822,
          0.670222,
          -0.015490435,
          1
        ]
      },
      {
        "date" : 729529770.236986,
        "title" : "Untitled",
        "transform" : [
          -0.038982227,
          4.3770183e-06,
          -0.9992399,
          0,
          -0.3654366,
          0.930727,
          0.014260446,
          0,
          0.9300196,
          0.36571476,
          -0.03628021,
          0,
          1.2487131,
          0.6904863,
          -0.06439891,
          1
        ]
      },
      {
        "date" : 729529765.198789,
        "title" : "Untitled",
        "transform" : [
          -0.038982227,
          4.3770183e-06,
          -0.9992399,
          0,
          -0.3654366,
          0.930727,
          0.014260446,
          0,
          0.9300196,
          0.36571476,
          -0.03628021,
          0,
          1.0327742,
          0.6126289,
          0.2022263,
          1
        ]
      }
    ]
  },
  "selectedSceneRelativePath" : "DuckPrototypeScene.usda"
}