{
  "advancedEditorSelectedIdentifier" : "ProjectBrowser",
  "openSceneRelativePaths" : [
    "DuckPrototypeScene.usda",
    "DuckRescueScene.usda"
  ],
  "recentIdentifiers" : {
    "24EEB4BA-7DCC-49D6-B06D-DEDD602F725C" : [

    ]
  },
  "sceneCameraHistory" : {
    "24EEB4BA-7DCC-49D6-B06D-DEDD602F725C" : [
      {
        "date" : 729960307.722075,
        "title" : "Untitled",
        "transform" : [
          0.99980646,
          4.712908e-09,
          0.019675419,
          0,
          0.007020563,
          0.93417346,
          -0.35675028,
          0,
          -0.018380232,
          0.35681924,
          0.9339927,
          0,
          0.020479582,
          0.06687239,
          0.37832063,
          1
        ]
      },
      {
        "date" : 729959574.151699,
        "title" : "Untitled",
        "transform" : [
          0.99980646,
          4.712908e-09,
          0.019675419,
          0,
          0.007020563,
          0.93417346,
          -0.35675028,
          0,
          -0.018380232,
          0.35681924,
          0.9339927,
          0,
          -0.0006328672,
          0.056030795,
          0.38204706,
          1
        ]
      },
      {
        "date" : 729959567.680286,
        "title" : "Untitled",
        "transform" : [
          0.99980646,
          4.712908e-09,
          0.019675419,
          0,
          0.007020563,
          0.93417346,
          -0.35675028,
          0,
          -0.018380232,
          0.35681924,
          0.9339927,
          0,
          -0.13076797,
          0.066642985,
          0.3754319,
          1
        ]
      },
      {
        "date" : 729959554.076867,
        "title" : "Untitled",
        "transform" : [
          0.9998619,
          4.9124425e-09,
          -0.016621191,
          0,
          -0.003144938,
          0.9819363,
          -0.18918602,
          0,
          0.016320972,
          0.18921208,
          0.9818007,
          0,
          -0.11721484,
          0.0007142709,
          0.3729768,
          1
        ]
      },
      {
        "date" : 729959543.931694,
        "title" : "Untitled",
        "transform" : [
          0.9981807,
          5.286543e-09,
          -0.06029524,
          0,
          0.004774829,
          0.99685955,
          0.07904685,
          0,
          0.0601059,
          -0.07919099,
          0.99504584,
          0,
          -0.11686782,
          -0.0011726767,
          0.37297148,
          1
        ]
      },
      {
        "date" : 729959541.215259,
        "title" : "Untitled",
        "transform" : [
          0.9970514,
          5.673874e-09,
          -0.07673709,
          0,
          -0.012231329,
          0.98721534,
          -0.1589226,
          0,
          0.07575605,
          0.15939252,
          0.98430437,
          0,
          -0.09153904,
          0.11887517,
          0.36281922,
          1
        ]
      },
      {
        "date" : 729959524.997829,
        "title" : "Untitled",
        "transform" : [
          0.9999034,
          6.0355423e-09,
          -0.013898599,
          0,
          0.0009378966,
          0.9977204,
          0.067475386,
          0,
          0.013866945,
          -0.06748196,
          0.9976241,
          0,
          -0.11427678,
          0.034264136,
          0.37535098,
          1
        ]
      },
      {
        "date" : 729959520.898127,
        "title" : "Untitled",
        "transform" : [
          0.99999464,
          6.073561e-09,
          -0.003273549,
          0,
          -0.0006993834,
          0.9769114,
          -0.21364343,
          0,
          0.0031979936,
          0.21364452,
          0.9769062,
          0,
          -0.10493287,
          0.26077673,
          0.7587331,
          1
        ]
      },
      {
        "date" : 729959518.634978,
        "title" : "Untitled",
        "transform" : [
          0.99745274,
          6.070918e-09,
          0.07133088,
          0,
          0.0063641174,
          0.996012,
          -0.088992506,
          0,
          -0.07104638,
          0.08921971,
          0.99347484,
          0,
          -0.16189191,
          0.16480953,
          0.7625704,
          1
        ]
      },
      {
        "date" : 729959515.300659,
        "title" : "Untitled",
        "transform" : [
          0.99745274,
          6.070918e-09,
          0.07133088,
          0,
          0.0063641174,
          0.996012,
          -0.088992506,
          0,
          -0.07104638,
          0.08921971,
          0.99347484,
          0,
          -0.3627982,
          0.16829842,
          0.74788964,
          1
        ]
      }
    ],
    "3202FA93-4BBF-4D9C-B9FD-7FAAFCE73254" : [
      {
        "date" : 729784514.545149,
        "title" : "Untitled",
        "transform" : [
          1,
          0,
          -0,
          0,
          -0,
          0.8660253,
          -0.5000002,
          0,
          0,
          0.5000002,
          0.8660253,
          0,
          -0.0018068772,
          0.32589576,
          0.5821873,
          1
        ]
      }
    ]
  },
  "selectedSceneRelativePath" : "DuckRescueScene.usda"
}