{
  "advancedEditorSelectedIdentifier" : "ProjectBrowser",
  "openSceneRelativePaths" : [
    "duckEntity.usda"
  ],
  "recentIdentifiers" : {
    "2C99BF58-1D1A-41C9-AF75-88E1FECEF878" : [

    ],
    "24EEB4BA-7DCC-49D6-B06D-DEDD602F725C" : [

    ],
    "36DB7FC7-E314-4F25-B712-699763708147" : [

    ],
    "8153C497-3958-4103-B4B6-C5D83DB897C2" : [

    ]
  },
  "sceneCameraHistory" : {
    "2C99BF58-1D1A-41C9-AF75-88E1FECEF878" : [
      {
        "date" : 730222441.832322,
        "title" : "Untitled",
        "transform" : [
          0.9984478,
          -9.782551e-10,
          0.055695098,
          0,
          0.014634633,
          0.96486044,
          -0.26235518,
          0,
          -0.053738046,
          0.26276302,
          0.96336275,
          0,
          -2.7288513,
          1.8682135,
          -3.8727012,
          1
        ]
      },
      {
        "date" : 730140288.048605,
        "title" : "Untitled",
        "transform" : [
          0.9984478,
          -9.782551e-10,
          0.055695098,
          0,
          0.014634633,
          0.96486044,
          -0.26235518,
          0,
          -0.053738046,
          0.26276302,
          0.96336275,
          0,
          -2.4972842,
          1.8399601,
          -4.083937,
          1
        ]
      },
      {
        "date" : 730140279.481526,
        "title" : "Untitled",
        "transform" : [
          0.9984478,
          -9.782551e-10,
          0.055695098,
          0,
          0.014634633,
          0.96486044,
          -0.26235518,
          0,
          -0.053738046,
          0.26276302,
          0.96336275,
          0,
          -2.2769868,
          1.9287853,
          -3.8208175,
          1
        ]
      },
      {
        "date" : 730140033.723988,
        "title" : "Untitled",
        "transform" : [
          0.9984478,
          -9.782551e-10,
          0.055695098,
          0,
          0.014634633,
          0.96486044,
          -0.26235518,
          0,
          -0.053738046,
          0.26276302,
          0.96336275,
          0,
          -2.9222581,
          2.610216,
          -2.5068731,
          1
        ]
      },
      {
        "date" : 730050982.327431,
        "title" : "Untitled",
        "transform" : [
          0.9984478,
          -9.782551e-10,
          0.055695098,
          0,
          0.014634633,
          0.96486044,
          -0.26235518,
          0,
          -0.053738046,
          0.26276302,
          0.96336275,
          0,
          -2.4689662,
          3.4129398,
          -2.7005358,
          1
        ]
      },
      {
        "date" : 730050980.195268,
        "title" : "Untitled",
        "transform" : [
          0.9984478,
          -9.782551e-10,
          0.055695098,
          0,
          0.014634633,
          0.96486044,
          -0.26235518,
          0,
          -0.053738046,
          0.26276302,
          0.96336275,
          0,
          -2.9101472,
          2.648299,
          -2.5165849,
          1
        ]
      },
      {
        "date" : 730050965.088223,
        "title" : "Untitled",
        "transform" : [
          0.9984478,
          -9.782551e-10,
          0.055695098,
          0,
          0.014634633,
          0.96486044,
          -0.26235518,
          0,
          -0.053738046,
          0.26276302,
          0.96336275,
          0,
          -1.7572212,
          3.270749,
          -5.125,
          1
        ]
      },
      {
        "date" : 730050962.87999,
        "title" : "Untitled",
        "transform" : [
          0.9984478,
          -9.782551e-10,
          0.055695098,
          0,
          0.014634633,
          0.96486044,
          -0.26235518,
          0,
          -0.053738046,
          0.26276302,
          0.96336275,
          0,
          -1.7838435,
          3.7515097,
          -5.2576156,
          1
        ]
      },
      {
        "date" : 730050875.305517,
        "title" : "Untitled",
        "transform" : [
          0.9984478,
          -9.782551e-10,
          0.055695098,
          0,
          0.014634633,
          0.96486044,
          -0.26235518,
          0,
          -0.053738046,
          0.26276302,
          0.96336275,
          0,
          -2.840959,
          4.040572,
          -1.6920042,
          1
        ]
      },
      {
        "date" : 730050240.001851,
        "title" : "Untitled",
        "transform" : [
          0.9984478,
          -9.782551e-10,
          0.055695098,
          0,
          0.014634633,
          0.96486044,
          -0.26235518,
          0,
          -0.053738046,
          0.26276302,
          0.96336275,
          0,
          -3.2970738,
          3.0380716,
          -1.4440098,
          1
        ]
      }
    ],
    "24EEB4BA-7DCC-49D6-B06D-DEDD602F725C" : [
      {
        "date" : 730393925.891481,
        "title" : "Untitled",
        "transform" : [
          0.153595,
          3.5433185e-09,
          0.9881339,
          0,
          0.33771163,
          0.93978465,
          -0.052493725,
          0,
          -0.92863315,
          0.341767,
          0.14434622,
          0,
          -3.0110717,
          0.22653624,
          2.279529,
          1
        ]
      },
      {
        "date" : 730393920.317775,
        "title" : "Untitled",
        "transform" : [
          0.153595,
          3.5433185e-09,
          0.9881339,
          0,
          0.33771163,
          0.93978465,
          -0.052493725,
          0,
          -0.92863315,
          0.341767,
          0.14434622,
          0,
          -1.8818146,
          -0.18906683,
          2.1039987,
          1
        ]
      },
      {
        "date" : 730393914.408482,
        "title" : "Untitled",
        "transform" : [
          0.153595,
          3.5433185e-09,
          0.9881339,
          0,
          0.33771163,
          0.93978465,
          -0.052493725,
          0,
          -0.92863315,
          0.341767,
          0.14434622,
          0,
          -1.3631475,
          -0.37995312,
          2.0233774,
          1
        ]
      },
      {
        "date" : 730393898.925688,
        "title" : "Untitled",
        "transform" : [
          0.153595,
          3.5433185e-09,
          0.9881339,
          0,
          0.33771163,
          0.93978465,
          -0.052493725,
          0,
          -0.92863315,
          0.341767,
          0.14434622,
          0,
          -1.700782,
          -0.24779631,
          2.0022635,
          1
        ]
      },
      {
        "date" : 730393893.359778,
        "title" : "Untitled",
        "transform" : [
          0.153595,
          3.5433185e-09,
          0.9881339,
          0,
          0.33771163,
          0.93978465,
          -0.052493725,
          0,
          -0.92863315,
          0.341767,
          0.14434622,
          0,
          -2.2868876,
          0.18509004,
          2.1273677,
          1
        ]
      },
      {
        "date" : 730393888.209764,
        "title" : "Untitled",
        "transform" : [
          0.153595,
          3.5433185e-09,
          0.9881339,
          0,
          0.33771163,
          0.93978465,
          -0.052493725,
          0,
          -0.92863315,
          0.341767,
          0.14434622,
          0,
          -2.2065856,
          0.17859076,
          2.0526671,
          1
        ]
      },
      {
        "date" : 730393880.200538,
        "title" : "Untitled",
        "transform" : [
          0.153595,
          3.5433185e-09,
          0.9881339,
          0,
          0.33771163,
          0.93978465,
          -0.052493725,
          0,
          -0.92863315,
          0.341767,
          0.14434622,
          0,
          -2.086745,
          0.09028673,
          2.0053859,
          1
        ]
      },
      {
        "date" : 730393865.148622,
        "title" : "Untitled",
        "transform" : [
          0.153595,
          3.5433185e-09,
          0.9881339,
          0,
          0.33771163,
          0.93978465,
          -0.052493725,
          0,
          -0.92863315,
          0.341767,
          0.14434622,
          0,
          -5.5345874,
          1.5871952,
          0.9858251,
          1
        ]
      },
      {
        "date" : 730393846.426748,
        "title" : "Untitled",
        "transform" : [
          0.9763721,
          4.2068606e-09,
          0.21609624,
          0,
          0.121496245,
          0.82697946,
          -0.5489478,
          0,
          -0.17870717,
          0.5622321,
          0.80743974,
          0,
          -0.34620193,
          0.6527206,
          1.5953541,
          1
        ]
      },
      {
        "date" : 729961644.293054,
        "title" : "Untitled",
        "transform" : [
          0.99980646,
          4.712908e-09,
          0.019675419,
          0,
          0.007020563,
          0.93417346,
          -0.35675028,
          0,
          -0.018380232,
          0.35681924,
          0.9339927,
          0,
          -0.027486172,
          0.25950265,
          1.7386653,
          1
        ]
      }
    ],
    "36DB7FC7-E314-4F25-B712-699763708147" : [
      {
        "date" : 730657513.691688,
        "title" : "Untitled",
        "transform" : [
          1,
          0,
          0,
          0,
          0,
          0.8660254,
          -0.5,
          0,
          0,
          0.5,
          0.8660254,
          0,
          0,
          0.12703598,
          0.22003277,
          1
        ]
      },
      {
        "date" : 730657509.698982,
        "title" : "Untitled",
        "transform" : [
          1,
          0,
          0,
          0,
          0,
          0.8660254,
          -0.5,
          0,
          0,
          0.5,
          0.8660254,
          0,
          0,
          0.09992211,
          0.17307019,
          1
        ]
      },
      {
        "date" : 730652163.857002,
        "title" : "Untitled",
        "transform" : [
          1,
          0,
          0,
          0,
          0,
          0.8660254,
          -0.5,
          0,
          0,
          0.5,
          0.8660254,
          0,
          0,
          0.19056906,
          0.33007535,
          1
        ]
      },
      {
        "date" : 730652125.831415,
        "title" : "Untitled",
        "transform" : [
          1,
          0,
          0,
          0,
          0,
          0.8660254,
          -0.5,
          0,
          0,
          0.5,
          0.8660254,
          0,
          0,
          0.21043894,
          0.36449096,
          1
        ]
      },
      {
        "date" : 730652094.658867,
        "title" : "Untitled",
        "transform" : [
          1,
          0,
          -0,
          0,
          -0,
          0.8660254,
          -0.5,
          0,
          0,
          0.5,
          0.8660254,
          0,
          0,
          0.23320797,
          0.40392807,
          1
        ]
      }
    ],
    "96AC3CA9-7438-4DFF-9983-254064353D8D" : [
      {
        "date" : 730648882.309767,
        "title" : "Untitled",
        "transform" : [
          1,
          0,
          -0,
          0,
          -0,
          0.8721325,
          -0.48926976,
          0,
          0,
          0.48926976,
          0.8721325,
          0,
          0,
          22.079695,
          33.090282,
          1
        ]
      }
    ],
    "3202FA93-4BBF-4D9C-B9FD-7FAAFCE73254" : [
      {
        "date" : 729784514.545149,
        "title" : "Untitled",
        "transform" : [
          1,
          0,
          -0,
          0,
          -0,
          0.8660253,
          -0.5000002,
          0,
          0,
          0.5000002,
          0.8660253,
          0,
          -0.0018068772,
          0.32589576,
          0.5821873,
          1
        ]
      }
    ],
    "8153C497-3958-4103-B4B6-C5D83DB897C2" : [
      {
        "date" : 730650885.16645,
        "title" : "Untitled",
        "transform" : [
          0.99999964,
          6.0060086e-09,
          -0.00086243014,
          0,
          -0.00035960428,
          0.90893286,
          -0.41694233,
          0,
          0.0007838951,
          0.41694245,
          0.9089325,
          0,
          0.060292393,
          0.8159675,
          0.85805863,
          1
        ]
      },
      {
        "date" : 730649507.950526,
        "title" : "Untitled",
        "transform" : [
          0.99999964,
          6.0060086e-09,
          -0.00086243014,
          0,
          -0.0003596043,
          0.908933,
          -0.4169424,
          0,
          0.0007838952,
          0.4169425,
          0.9089326,
          0,
          -0.34024468,
          0.929724,
          0.80622214,
          1
        ]
      },
      {
        "date" : 730649496.296923,
        "title" : "Untitled",
        "transform" : [
          0.8850622,
          6.0578174e-09,
          -0.46547282,
          0,
          0.16369262,
          0.93612427,
          0.31124946,
          0,
          0.43574035,
          -0.3516696,
          0.8285281,
          0,
          0.28710502,
          0.013308078,
          1.0463841,
          1
        ]
      },
      {
        "date" : 730649447.072328,
        "title" : "Untitled",
        "transform" : [
          0.8850622,
          6.0578174e-09,
          -0.46547282,
          0,
          0.16369262,
          0.93612427,
          0.31124946,
          0,
          0.43574035,
          -0.3516696,
          0.8285281,
          0,
          0.29722562,
          -0.09931192,
          0.99325997,
          1
        ]
      },
      {
        "date" : 730649436.811199,
        "title" : "Untitled",
        "transform" : [
          0.99752986,
          1.740915e-09,
          0.070243835,
          0,
          0.023133013,
          0.94421685,
          -0.32851103,
          0,
          -0.06632537,
          0.32932448,
          0.9418844,
          0,
          -0.05297608,
          0.12148869,
          0.24892288,
          1
        ]
      },
      {
        "date" : 730649425.890438,
        "title" : "Untitled",
        "transform" : [
          0.99752986,
          1.740915e-09,
          0.070243835,
          0,
          0.023133013,
          0.94421685,
          -0.32851103,
          0,
          -0.06632537,
          0.32932448,
          0.9418844,
          0,
          -0.006803613,
          0.4940215,
          0.73904395,
          1
        ]
      },
      {
        "date" : 730649384.148251,
        "title" : "Untitled",
        "transform" : [
          0.99752986,
          1.740915e-09,
          0.070243835,
          0,
          0.023133013,
          0.94421685,
          -0.32851103,
          0,
          -0.06632537,
          0.32932448,
          0.9418844,
          0,
          -0.0103940405,
          0.3197506,
          0.3544181,
          1
        ]
      },
      {
        "date" : 730649381.315712,
        "title" : "Untitled",
        "transform" : [
          0.99752986,
          1.740915e-09,
          0.070243835,
          0,
          0.023133013,
          0.94421685,
          -0.32851103,
          0,
          -0.06632537,
          0.32932448,
          0.9418844,
          0,
          0.0038255411,
          0.19910361,
          0.39760295,
          1
        ]
      },
      {
        "date" : 730649378.229101,
        "title" : "Untitled",
        "transform" : [
          0.99752986,
          1.740915e-09,
          0.070243835,
          0,
          0.023133013,
          0.94421685,
          -0.32851103,
          0,
          -0.06632537,
          0.32932448,
          0.9418844,
          0,
          0.0022979658,
          0.16413343,
          0.23883626,
          1
        ]
      },
      {
        "date" : 730648963.402725,
        "title" : "Untitled",
        "transform" : [
          0.99752986,
          1.740915e-09,
          0.070243835,
          0,
          0.023133012,
          0.9442167,
          -0.328511,
          0,
          -0.06632537,
          0.32932448,
          0.9418844,
          0,
          -0.008284213,
          0.123831935,
          0.25218228,
          1
        ]
      }
    ]
  },
  "selectedSceneRelativePath" : "FullyImmersedScene.usda"
}