{
  "advancedEditorSelectedIdentifier" : "ProjectBrowser",
  "openSceneRelativePaths" : [
    "FullyImmersedScene.usda"
  ],
  "recentIdentifiers" : {
    "2C99BF58-1D1A-41C9-AF75-88E1FECEF878" : [

    ],
    "24EEB4BA-7DCC-49D6-B06D-DEDD602F725C" : [

    ],
    "68F5C880-F23E-4FA9-ABC7-9C2E9612F148" : [

    ]
  },
  "sceneCameraHistory" : {
    "2C99BF58-1D1A-41C9-AF75-88E1FECEF878" : [
      {
        "date" : 730307183.2253,
        "title" : "Untitled",
        "transform" : [
          0.9892597,
          3.005386e-08,
          -0.14616852,
          0,
          -0.117624335,
          0.59365827,
          -0.79607433,
          0,
          0.08677408,
          0.8047173,
          0.5872821,
          0,
          -3.4860206,
          4.1964006,
          -2.3525372,
          1
        ]
      },
      {
        "date" : 730307015.292138,
        "title" : "Untitled",
        "transform" : [
          0.9892597,
          3.005386e-08,
          -0.14616852,
          0,
          -0.117624335,
          0.59365827,
          -0.79607433,
          0,
          0.08677408,
          0.8047173,
          0.5872821,
          0,
          -3.9048066,
          2.9864814,
          -3.332833,
          1
        ]
      },
      {
        "date" : 730306995.244423,
        "title" : "Untitled",
        "transform" : [
          0.9892597,
          3.005386e-08,
          -0.14616852,
          0,
          -0.117624335,
          0.59365827,
          -0.79607433,
          0,
          0.08677408,
          0.8047173,
          0.5872821,
          0,
          -4.207511,
          2.1597536,
          -4.0031505,
          1
        ]
      },
      {
        "date" : 730306989.629035,
        "title" : "Untitled",
        "transform" : [
          0.98901975,
          3.005386e-08,
          -0.14778347,
          0,
          -0.11892392,
          0.59365827,
          -0.7958812,
          0,
          0.08773281,
          0.8047173,
          0.58713967,
          0,
          -4.265401,
          2.559405,
          -4.1026173,
          1
        ]
      },
      {
        "date" : 730306986.277849,
        "title" : "Untitled",
        "transform" : [
          0.9989139,
          3.129268e-08,
          0.04659531,
          0,
          0.034830373,
          0.664252,
          -0.74669677,
          0,
          -0.030951079,
          0.74750876,
          0.66353047,
          0,
          -4.37612,
          2.5055656,
          -4.0115795,
          1
        ]
      },
      {
        "date" : 730306971.563851,
        "title" : "Untitled",
        "transform" : [
          0.9989139,
          3.129268e-08,
          0.04659531,
          0,
          0.034830373,
          0.664252,
          -0.74669677,
          0,
          -0.030951079,
          0.74750876,
          0.66353047,
          0,
          -3.8289075,
          4.435235,
          -2.5641632,
          1
        ]
      },
      {
        "date" : 730306967.8961,
        "title" : "Untitled",
        "transform" : [
          0.9989139,
          3.129268e-08,
          0.04659531,
          0,
          0.034830373,
          0.664252,
          -0.74669677,
          0,
          -0.030951079,
          0.74750876,
          0.66353047,
          0,
          -4.336467,
          4.483299,
          -3.5585053,
          1
        ]
      },
      {
        "date" : 730306961.525902,
        "title" : "Untitled",
        "transform" : [
          0.9989139,
          3.129268e-08,
          0.04659531,
          0,
          0.034830373,
          0.664252,
          -0.74669677,
          0,
          -0.030951079,
          0.74750876,
          0.66353047,
          0,
          -4.3495955,
          3.2157247,
          -4.553009,
          1
        ]
      },
      {
        "date" : 730306955.046098,
        "title" : "Untitled",
        "transform" : [
          0.8670333,
          3.1292675e-08,
          -0.49825007,
          0,
          -0.3724463,
          0.664252,
          -0.648115,
          0,
          0.33096355,
          0.74750876,
          0.5759286,
          0,
          -4.201807,
          3.2683942,
          -4.6024365,
          1
        ]
      },
      {
        "date" : 730306952.82676,
        "title" : "Untitled",
        "transform" : [
          0.8677547,
          3.1292675e-08,
          -0.4969927,
          0,
          -0.3715064,
          0.664252,
          -0.6486542,
          0,
          0.33012837,
          0.74750876,
          0.5764078,
          0,
          -4.2415276,
          3.2044873,
          -4.666381,
          1
        ]
      }
    ],
    "24EEB4BA-7DCC-49D6-B06D-DEDD602F725C" : [
      {
        "date" : 729707731.179712,
        "title" : "Untitled",
        "transform" : [
          0.9818593,
          -1.2680146e-10,
          -0.18961059,
          0,
          -0.11860844,
          0.78019464,
          -0.61418927,
          0,
          0.14793319,
          0.6255369,
          0.7660414,
          0,
          0.37789288,
          0.48624653,
          0.6945693,
          1
        ]
      },
      {
        "date" : 729707208.934115,
        "title" : "Untitled",
        "transform" : [
          0.9971442,
          -1.2680146e-10,
          0.0755199,
          0,
          0.04724048,
          0.7801945,
          -0.6237505,
          0,
          -0.05892022,
          0.6255369,
          0.7779666,
          0,
          0.2741974,
          0.59360874,
          1.1189966,
          1
        ]
      },
      {
        "date" : 729706534.116651,
        "title" : "Untitled",
        "transform" : [
          0.9971442,
          -1.2680146e-10,
          0.0755199,
          0,
          0.04724048,
          0.7801945,
          -0.6237505,
          0,
          -0.05892022,
          0.6255369,
          0.7779666,
          0,
          0.21862082,
          0.5471121,
          0.6182232,
          1
        ]
      },
      {
        "date" : 729706528.911523,
        "title" : "Untitled",
        "transform" : [
          0.9971442,
          -1.2680146e-10,
          0.0755199,
          0,
          0.04724048,
          0.7801945,
          -0.6237505,
          0,
          -0.05892022,
          0.6255369,
          0.7779666,
          0,
          0.31394044,
          0.24261543,
          0.26073712,
          1
        ]
      },
      {
        "date" : 729706516.534005,
        "title" : "Untitled",
        "transform" : [
          0.9971442,
          1.354632e-10,
          0.0755199,
          0,
          0.047240485,
          0.7801945,
          -0.62375057,
          0,
          -0.058920212,
          0.6255369,
          0.7779665,
          0,
          0.3139404,
          0.24261545,
          0.26073712,
          1
        ]
      },
      {
        "date" : 729706399.766567,
        "title" : "Untitled",
        "transform" : [
          0.9971443,
          -8.5934104e-10,
          0.0755199,
          0,
          0.047240496,
          0.7801945,
          -0.6237506,
          0,
          -0.05892021,
          0.625537,
          0.7779665,
          0,
          0.06780655,
          0.39257738,
          0.5052166,
          1
        ]
      },
      {
        "date" : 729706394.554612,
        "title" : "Untitled",
        "transform" : [
          0.9971443,
          -8.5934104e-10,
          0.0755199,
          0,
          0.047240496,
          0.7801945,
          -0.6237506,
          0,
          -0.05892021,
          0.625537,
          0.7779665,
          0,
          -0.014224246,
          0.26778913,
          0.26888084,
          1
        ]
      },
      {
        "date" : 729706340.309538,
        "title" : "Untitled",
        "transform" : [
          0.9971443,
          -9.959367e-11,
          0.07551991,
          0,
          0.047240503,
          0.78019446,
          -0.6237507,
          0,
          -0.058920234,
          0.62553704,
          0.77796644,
          0,
          0.23730128,
          0.39753836,
          0.7774989,
          1
        ]
      },
      {
        "date" : 729706331.559319,
        "title" : "Untitled",
        "transform" : [
          0.9971443,
          -9.959367e-11,
          0.07551991,
          0,
          0.047240503,
          0.78019446,
          -0.6237507,
          0,
          -0.058920234,
          0.62553704,
          0.77796644,
          0,
          0.114150465,
          0.43500704,
          0.73804456,
          1
        ]
      },
      {
        "date" : 729706326.639375,
        "title" : "Untitled",
        "transform" : [
          0.995784,
          -9.959367e-11,
          -0.09172894,
          0,
          -0.057379853,
          0.78019446,
          -0.6228998,
          0,
          0.0715664,
          0.62553704,
          0.7769052,
          0,
          0.64965576,
          0.49157155,
          0.7796748,
          1
        ]
      }
    ],
    "68F5C880-F23E-4FA9-ABC7-9C2E9612F148" : [
      {
        "date" : 729706129.832964,
        "title" : "Untitled",
        "transform" : [
          0.97880924,
          1.1732214e-09,
          -0.20477447,
          0,
          -0.07759237,
          0.925431,
          -0.37088662,
          0,
          0.18950464,
          0.37891617,
          0.90582037,
          0,
          -0.55932724,
          1.0467856,
          2.6120615,
          1
        ]
      },
      {
        "date" : 729706122.578277,
        "title" : "Untitled",
        "transform" : [
          0.97880924,
          1.1732214e-09,
          -0.20477447,
          0,
          -0.07759237,
          0.925431,
          -0.37088662,
          0,
          0.18950464,
          0.37891617,
          0.90582037,
          0,
          -0.8065597,
          1.5286846,
          2.4622,
          1
        ]
      },
      {
        "date" : 729706113.40811,
        "title" : "Untitled",
        "transform" : [
          0.97880924,
          1.1732214e-09,
          -0.20477447,
          0,
          -0.07759237,
          0.925431,
          -0.37088662,
          0,
          0.18950464,
          0.37891617,
          0.90582037,
          0,
          -0.60420907,
          1.3523445,
          2.249807,
          1
        ]
      },
      {
        "date" : 729706102.607754,
        "title" : "Untitled",
        "transform" : [
          0.97880924,
          1.1732214e-09,
          -0.20477447,
          0,
          -0.07759237,
          0.925431,
          -0.37088662,
          0,
          0.18950464,
          0.37891617,
          0.90582037,
          0,
          0.031600446,
          2.8594258,
          3.3365836,
          1
        ]
      },
      {
        "date" : 729702831.39072,
        "title" : "Untitled",
        "transform" : [
          0.97880924,
          1.1732214e-09,
          -0.20477447,
          0,
          -0.07759237,
          0.925431,
          -0.37088662,
          0,
          0.18950464,
          0.37891617,
          0.90582037,
          0,
          0.19092286,
          1.8643327,
          2.712512,
          1
        ]
      },
      {
        "date" : 729702255.244045,
        "title" : "Untitled",
        "transform" : [
          0.97880924,
          1.1732214e-09,
          -0.20477447,
          0,
          -0.07759237,
          0.925431,
          -0.37088662,
          0,
          0.18950464,
          0.37891617,
          0.90582037,
          0,
          -1.2094281,
          2.4644938,
          2.7544212,
          1
        ]
      },
      {
        "date" : 729702233.748795,
        "title" : "Untitled",
        "transform" : [
          0.97880924,
          1.1732214e-09,
          -0.20477447,
          0,
          -0.07759237,
          0.925431,
          -0.37088662,
          0,
          0.18950464,
          0.37891617,
          0.90582037,
          0,
          -1.980611,
          1.2547886,
          0.8062114,
          1
        ]
      },
      {
        "date" : 729702072.358841,
        "title" : "Untitled",
        "transform" : [
          0.97880924,
          1.1732214e-09,
          -0.20477447,
          0,
          -0.07759237,
          0.925431,
          -0.37088662,
          0,
          0.18950464,
          0.37891617,
          0.90582037,
          0,
          -2.545218,
          1.518569,
          1.2435813,
          1
        ]
      },
      {
        "date" : 729702067.059487,
        "title" : "Untitled",
        "transform" : [
          0.17760222,
          1.1732214e-09,
          0.98410237,
          0,
          0.37289232,
          0.925431,
          -0.06729636,
          0,
          -0.9107188,
          0.37891617,
          0.16435859,
          0,
          -3.5204535,
          1.5136415,
          -0.08203477,
          1
        ]
      },
      {
        "date" : 729702059.758534,
        "title" : "Untitled",
        "transform" : [
          0.9626945,
          1.1732214e-09,
          0.27059072,
          0,
          0.1025312,
          0.925431,
          -0.36478055,
          0,
          -0.250413,
          0.37891617,
          0.8909073,
          0,
          -2.6705093,
          1.0776161,
          1.4860287,
          1
        ]
      }
    ],
    "AF09ED6F-1707-48FD-8720-65B998362C09" : [
      {
        "date" : 729531500.109276,
        "title" : "Untitled",
        "transform" : [
          0.99999994,
          0,
          0,
          0,
          0,
          0.8660249,
          -0.5000007,
          0,
          0,
          0.5000007,
          0.8660249,
          0,
          0.013847232,
          2.1069808,
          0.57193613,
          1
        ]
      },
      {
        "date" : 729531494.490523,
        "title" : "Untitled",
        "transform" : [
          0.99999994,
          0,
          -0,
          0,
          -0,
          0.8660249,
          -0.5000007,
          0,
          0,
          0.5000007,
          0.8660249,
          0,
          0,
          3.3717496,
          3.7227027,
          1
        ]
      }
    ],
    "E7A311F8-A370-4B86-B82A-B0BBC5D2CF5C" : [
      {
        "date" : 729531566.771738,
        "title" : "Untitled",
        "transform" : [
          0.99999994,
          0,
          0,
          0,
          0,
          0.8660254,
          -0.49999994,
          0,
          0,
          0.49999994,
          0.8660254,
          0,
          0.027538031,
          0.2623885,
          0.561977,
          1
        ]
      },
      {
        "date" : 729531536.471167,
        "title" : "Untitled",
        "transform" : [
          0.99999994,
          0,
          -0,
          0,
          -0,
          0.8660254,
          -0.49999994,
          0,
          0,
          0.49999994,
          0.8660254,
          0,
          0,
          0.19223118,
          0.3329542,
          1
        ]
      }
    ]
  },
  "selectedSceneRelativePath" : "FullyImmersedScene.usda"
}